qind,t1,t2,t3,t4,CF12_34,CF13_24,CF14_23,ngenes
1,r0,r1,r2,r3,0.5482322130074203,0.23068529026625928,0.22108249672632038,4582.0
2,r0,r1,r2,r4,0.534192702643653,0.23181123006336027,0.23399606729298666,4577.0
3,r0,r1,r3,r4,0.5385455339593798,0.22996287398995413,0.23149159205066608,4579.0
4,r0,r2,r3,r4,0.3246519982038617,0.3221823080377189,0.3531656937584194,4454.0
5,r1,r2,r3,r4,0.3213644524236984,0.3292190305206463,0.3494165170556553,4456.0
6,r0,r1,r2,r5,0.5381438817648337,0.22908063464464246,0.2327754835905238,4601.0
7,r0,r1,r3,r5,0.5386289445048966,0.2295973884657236,0.23177366702937977,4595.0
8,r0,r2,r3,r5,0.32683254875588436,0.32593588881416724,0.34723156242994846,4461.0
9,r1,r2,r3,r5,0.3216517857142857,0.3279017857142857,0.35044642857142855,4480.0
10,r0,r1,r4,r5,0.673538788522848,0.16259298618490967,0.1638682252922423,4705.0
11,r0,r2,r4,r5,0.5340587595212187,0.235038084874864,0.2309031556039173,4595.0
12,r1,r2,r4,r5,0.53541938287701,0.22924815297696655,0.23533246414602346,4602.0
13,r0,r3,r4,r5,0.5372549019607843,0.23333333333333334,0.22941176470588234,4590.0
14,r1,r3,r4,r5,0.5326960677818814,0.2357158374972844,0.23158809472083425,4603.0
15,r2,r3,r4,r5,0.5446174084630564,0.23328217496163123,0.22210041657531243,4561.0
16,r0,r1,r2,r6,0.5379939209726444,0.23447676943117673,0.2275293095961789,4606.0
17,r0,r1,r3,r6,0.5421527624917455,0.23442659035879373,0.22342064714946072,4543.0
18,r0,r2,r3,r6,0.3348477964561563,0.315765561108587,0.3493866424352567,4402.0
19,r1,r2,r3,r6,0.3324306025727827,0.31776122771383436,0.34980816971338297,4431.0
20,r0,r1,r4,r6,0.5477277669058491,0.22852794085670797,0.2237442922374429,4599.0
21,r0,r2,r4,r6,0.36182144459398835,0.3183041722745626,0.31987438313144906,4458.0
22,r1,r2,r4,r6,0.3557498318762609,0.3158484644698498,0.32840170365388927,4461.0
23,r0,r3,r4,r6,0.3518350702310829,0.33167195287720885,0.3164929768917082,4414.0
24,r1,r3,r4,r6,0.3473636569359584,0.3333333333333333,0.3193030097307083,4419.0
25,r2,r3,r4,r6,0.36608557844690964,0.32737151913063167,0.3065429024224587,4417.0
26,r0,r1,r5,r6,0.5514529167577016,0.22918942538780862,0.21935765785448985,4577.0
27,r0,r2,r5,r6,0.3501470255598281,0.32888486767699615,0.3209681067631758,4421.0
28,r1,r2,r5,r6,0.3496739374859456,0.3233640656622442,0.3269619968518102,4447.0
29,r0,r3,r5,r6,0.3432126696832579,0.33212669683257917,0.3246606334841629,4420.0
30,r1,r3,r5,r6,0.33980582524271846,0.3352901332129149,0.3249040415443667,4429.0
31,r2,r3,r5,r6,0.35119182746878547,0.3307604994324631,0.3180476730987514,4405.0
32,r0,r4,r5,r6,0.2378248525879013,0.24262939506442455,0.5195457523476742,4579.0
33,r1,r4,r5,r6,0.2416958041958042,0.23841783216783216,0.5198863636363636,4576.0
34,r2,r4,r5,r6,0.23539706847516956,0.2450229709035222,0.5195799606213083,4571.0
35,r3,r4,r5,r6,0.23298832856199075,0.23497027086544814,0.5320414005725611,4541.0
36,r0,r1,r2,r7,0.5373750543242068,0.23468057366362452,0.22794437201216863,4602.0
37,r0,r1,r3,r7,0.5513631406761178,0.22311886586695748,0.22551799345692475,4585.0
38,r0,r2,r3,r7,0.3399818676337262,0.31233000906618313,0.34768812330009063,4412.0
39,r1,r2,r3,r7,0.33009269726430024,0.3199186072801266,0.34998869545557315,4423.0
40,r0,r1,r4,r7,0.5546127067014796,0.22236727589208008,0.2230200174064404,4596.0
41,r0,r2,r4,r7,0.36210384356035064,0.3200719262755675,0.3178242301640818,4449.0
42,r1,r2,r4,r7,0.3579888268156425,0.31776536312849163,0.32424581005586595,4475.0
43,r0,r3,r4,r7,0.35373842331149763,0.3349898351027784,0.31127174158572396,4427.0
44,r1,r3,r4,r7,0.3549618320610687,0.33453075886843286,0.31050740907049845,4454.0
45,r2,r3,r4,r7,0.365542388331814,0.31996353691886964,0.31449407474931634,4388.0
46,r0,r1,r5,r7,0.5577299412915852,0.21961295933898672,0.22265709936942812,4599.0
47,r0,r2,r5,r7,0.3575305291723202,0.3242876526458616,0.3181818181818182,4422.0
48,r1,r2,r5,r7,0.3582659478885894,0.3223270440251572,0.3194070080862534,4452.0
49,r0,r3,r5,r7,0.3454504402799729,0.3337096410024836,0.32083991871754347,4429.0
50,r1,r3,r5,r7,0.34689316048278945,0.3368350469378632,0.31627179257934734,4474.0
51,r2,r3,r5,r7,0.3604199954348322,0.31979000228258386,0.31979000228258386,4381.0
52,r0,r4,r5,r7,0.23967840069534985,0.24663189917427206,0.5136897001303781,4602.0
53,r1,r4,r5,r7,0.23787878787878788,0.24913419913419912,0.512987012987013,4620.0
54,r2,r4,r5,r7,0.23962429008300568,0.24049803407601572,0.5198776758409785,4578.0
55,r3,r4,r5,r7,0.23208041958041958,0.2395104895104895,0.5284090909090909,4576.0
56,r0,r1,r6,r7,0.5669788717055108,0.21346111958179045,0.21956000871269876,4591.0
57,r0,r2,r6,r7,0.3822657852746752,0.30795532254387964,0.30977889218144516,4387.0
58,r1,r2,r6,r7,0.375819209039548,0.3159322033898305,0.30824858757062146,4425.0
59,r0,r3,r6,r7,0.36790293040293043,0.32005494505494503,0.31204212454212454,4368.0
60,r1,r3,r6,r7,0.3599544937428896,0.32559726962457336,0.31444823663253696,4395.0
61,r2,r3,r6,r7,0.3822721026110857,0.30645900137425564,0.31126889601465874,4366.0
62,r0,r4,r6,r7,0.3497536945812808,0.3278101209135692,0.32243618450515005,4466.0
63,r1,r4,r6,r7,0.349438202247191,0.3359550561797753,0.3146067415730337,4450.0
64,r2,r4,r6,r7,0.3422894558591104,0.32422668773989616,0.33348385640099343,4429.0
65,r3,r4,r6,r7,0.34062428799270905,0.32763727500569606,0.3317384370015949,4389.0
66,r0,r5,r6,r7,0.3500224517287831,0.325101032779524,0.3248765154916929,4454.0
67,r1,r5,r6,r7,0.3510112359550562,0.32741573033707866,0.32157303370786516,4450.0
68,r2,r5,r6,r7,0.34914869466515325,0.3253121452894438,0.32553916004540295,4405.0
69,r3,r5,r6,r7,0.34864253393665157,0.3235294117647059,0.32782805429864253,4420.0
70,r4,r5,r6,r7,0.5294891471168603,0.232843674632756,0.2376671782503837,4561.0
