qind,t1,t2,t3,t4,CF12_34,CF13_24,CF14_23,ngenes
1,r0,r1,r2,r3,0.5309130913091309,0.2316831683168317,0.23740374037403741,4545.0
2,r0,r1,r2,r4,0.5291803278688525,0.23759562841530055,0.23322404371584698,4575.0
3,r0,r1,r3,r4,0.5136897001303781,0.247283789656671,0.2390265102129509,4602.0
4,r0,r2,r3,r4,0.31444568868980965,0.341993281075028,0.3435610302351624,4465.0
5,r1,r2,r3,r4,0.3151978417266187,0.33363309352517984,0.3511690647482014,4448.0
6,r0,r1,r2,r5,0.5304878048780488,0.23715156794425088,0.23236062717770034,4592.0
7,r0,r1,r3,r5,0.5242023008465378,0.23920121554156717,0.23659648361189495,4607.0
8,r0,r2,r3,r5,0.3238521836506159,0.3328107502799552,0.3433370660694289,4465.0
9,r1,r2,r3,r5,0.32256617317182595,0.3295199641094661,0.34791386271870794,4458.0
10,r0,r1,r4,r5,0.6825967434975682,0.16155635440896596,0.15584690209346586,4729.0
11,r0,r2,r4,r5,0.5512765036780615,0.21873647771527477,0.2299870186066638,4622.0
12,r1,r2,r4,r5,0.5502164502164503,0.220995670995671,0.2287878787878788,4620.0
13,r0,r3,r4,r5,0.5601217656012176,0.2237442922374429,0.2161339421613394,4599.0
14,r1,r3,r4,r5,0.554274526865347,0.2260169675875571,0.21970850554709592,4597.0
15,r2,r3,r4,r5,0.5605928509154315,0.22515257192676547,0.21425457715780297,4588.0
16,r0,r1,r2,r6,0.5203482045701849,0.23264417845484223,0.2470076169749728,4595.0
17,r0,r1,r3,r6,0.5242697122776192,0.2394025916977817,0.23632769602459916,4553.0
18,r0,r2,r3,r6,0.3281214593247224,0.3263086335825969,0.3455699070926807,4413.0
19,r1,r2,r3,r6,0.3364316481523464,0.31693493538880074,0.34663341645885287,4411.0
20,r0,r1,r4,r6,0.5369886858137511,0.2280243690165361,0.2349869451697128,4596.0
21,r0,r2,r4,r6,0.35457187569863624,0.30762351889112455,0.3378046054102392,4473.0
22,r1,r2,r4,r6,0.3523512369066191,0.3204813906841988,0.3271673724091821,4487.0
23,r0,r3,r4,r6,0.3559090909090909,0.33045454545454545,0.31363636363636366,4400.0
24,r1,r3,r4,r6,0.3528484575546048,0.339112812429633,0.3080387300157622,4441.0
25,r2,r3,r4,r6,0.369540620049785,0.3319755600814664,0.2984838198687486,4419.0
26,r0,r1,r5,r6,0.5422550510536607,0.22528785574625246,0.2324570932000869,4603.0
27,r0,r2,r5,r6,0.35013380909901876,0.31668153434433544,0.33318465655664586,4484.0
28,r1,r2,r5,r6,0.35069289226642825,0.3214126061689763,0.32789450156459543,4474.0
29,r0,r3,r5,r6,0.3555655700766111,0.32514646237043715,0.3192879675529518,4438.0
30,r1,r3,r5,r6,0.35541086663673105,0.33093848226313427,0.31365065110013474,4454.0
31,r2,r3,r5,r6,0.36760691537761603,0.3250682438580528,0.3073248407643312,4396.0
32,r0,r4,r5,r6,0.22243881308208793,0.23240199263591077,0.5451591942820013,4617.0
33,r1,r4,r5,r6,0.23038360941586747,0.23147340889276374,0.5381429816913688,4588.0
34,r2,r4,r5,r6,0.23955853711317895,0.23652888985068168,0.5239125730361394,4621.0
35,r3,r4,r5,r6,0.2235294117647059,0.23507625272331154,0.5413943355119826,4590.0
36,r0,r1,r2,r7,0.5280923344947736,0.2380226480836237,0.23388501742160278,4592.0
37,r0,r1,r3,r7,0.527814279456855,0.24551029347349979,0.2266754270696452,4566.0
38,r0,r2,r3,r7,0.32157303370786516,0.33146067415730335,0.34696629213483143,4450.0
39,r1,r2,r3,r7,0.3221491725232374,0.3205622307866697,0.35728859669009294,4411.0
40,r0,r1,r4,r7,0.5375081539465101,0.23026744944553162,0.23222439660795824,4599.0
41,r0,r2,r4,r7,0.3481282223716655,0.3145034745572742,0.3373683030710603,4461.0
42,r1,r2,r4,r7,0.33662034961900494,0.32384580905423577,0.3395338413267593,4462.0
43,r0,r3,r4,r7,0.3544417095547102,0.3244573730140971,0.3211009174311927,4469.0
44,r1,r3,r4,r7,0.3461711711711712,0.32972972972972975,0.3240990990990991,4440.0
45,r2,r3,r4,r7,0.364279197080292,0.3250456204379562,0.3106751824817518,4384.0
46,r0,r1,r5,r7,0.5437040242319342,0.2276070964950238,0.22868887927304196,4622.0
47,r0,r2,r5,r7,0.35528673835125446,0.3149641577060932,0.32974910394265233,4464.0
48,r1,r2,r5,r7,0.3479231799910674,0.3186690486824475,0.333407771326485,4478.0
49,r0,r3,r5,r7,0.358038513210927,0.319077474249888,0.322884012539185,4466.0
50,r1,r3,r5,r7,0.3500669344042838,0.3288710397144132,0.321062025881303,4482.0
51,r2,r3,r5,r7,0.37369614512471655,0.31405895691609975,0.3122448979591837,4410.0
52,r0,r4,r5,r7,0.2298526863084922,0.2255199306759099,0.5446273830155979,4616.0
53,r1,r4,r5,r7,0.23309570101533808,0.2235904082955282,0.5433138906891337,4629.0
54,r2,r4,r5,r7,0.2430963252881061,0.2222222222222222,0.5346814524896717,4599.0
55,r3,r4,r5,r7,0.22967966877315318,0.23316626716060143,0.5371540640662453,4589.0
56,r0,r1,r6,r7,0.5591327201051248,0.22777047744196233,0.21309680245291282,4566.0
57,r0,r2,r6,r7,0.3704458022176963,0.31093007467752887,0.31862412310477484,4419.0
58,r1,r2,r6,r7,0.37020316027088035,0.3065462753950339,0.3232505643340858,4430.0
59,r0,r3,r6,r7,0.37020985401459855,0.3115875912408759,0.3182025547445255,4384.0
60,r1,r3,r6,r7,0.36573236889692584,0.3078661844484629,0.32640144665461124,4424.0
61,r2,r3,r6,r7,0.38929719797887,0.29926504363803397,0.311437758383096,4354.0
62,r0,r4,r6,r7,0.344206974128234,0.3253093363329584,0.33048368953880763,4445.0
63,r1,r4,r6,r7,0.35397039030955585,0.31471511888739345,0.3313144908030507,4458.0
64,r2,r4,r6,r7,0.3534209333937472,0.31717263253285,0.3294064340734028,4414.0
65,r3,r4,r6,r7,0.3401453224341508,0.32515894641235243,0.3346957311534968,4404.0
66,r0,r5,r6,r7,0.3439461883408072,0.3360986547085202,0.31995515695067267,4460.0
67,r1,r5,r6,r7,0.355863921217547,0.3238585496866607,0.3202775290957923,4468.0
68,r2,r5,r6,r7,0.3495805939696214,0.3298571752437089,0.3205622307866697,4411.0
69,r3,r5,r6,r7,0.34637124123897806,0.33348406059235813,0.3201446981686638,4423.0
70,r4,r5,r6,r7,0.5474484256243214,0.23887079261672095,0.21368078175895766,4605.0
