qind,t1,t2,t3,t4,CF12_34,CF13_24,CF14_23,ngenes
1,r0,r1,r2,r3,0.5331872946330778,0.2420591456736035,0.22475355969331873,4565.0
2,r0,r1,r2,r4,0.5312635692574902,0.2372991749891446,0.23143725575336518,4606.0
3,r0,r1,r3,r4,0.5260642919200695,0.2315377932232841,0.24239791485664638,4604.0
4,r0,r2,r3,r4,0.3364695340501792,0.3295250896057348,0.334005376344086,4464.0
5,r1,r2,r3,r4,0.32848511971358246,0.3345267397628105,0.3369881405236071,4469.0
6,r0,r1,r2,r5,0.5235920852359208,0.24026962383126765,0.23613829093281147,4599.0
7,r0,r1,r3,r5,0.5255965292841649,0.23275488069414316,0.24164859002169198,4610.0
8,r0,r2,r3,r5,0.33281039892424924,0.3303451367099955,0.33684446436575527,4462.0
9,r1,r2,r3,r5,0.3296164139161463,0.3247100802854594,0.3456735057983943,4484.0
10,r0,r1,r4,r5,0.6797288710019064,0.16204194026689261,0.158229188731201,4721.0
11,r0,r2,r4,r5,0.5474025974025974,0.21991341991341992,0.2326839826839827,4620.0
12,r1,r2,r4,r5,0.5382289416846652,0.22181425485961123,0.23995680345572354,4630.0
13,r0,r3,r4,r5,0.537339429566732,0.23122142390594383,0.2314391465273242,4593.0
14,r1,r3,r4,r5,0.5342436064152579,0.229518855656697,0.23623753792804508,4614.0
15,r2,r3,r4,r5,0.5330137284811506,0.2355633035519721,0.2314229679668773,4589.0
16,r0,r1,r2,r6,0.5333911535125759,0.2380745880312229,0.2285342584562012,4612.0
17,r0,r1,r3,r6,0.5144167758846658,0.23743993010048056,0.24814329401485366,4578.0
18,r0,r2,r3,r6,0.31795340338053907,0.3350845134764733,0.34696208314298765,4378.0
19,r1,r2,r3,r6,0.31696225557071395,0.3376534788540246,0.3453842655752615,4398.0
20,r0,r1,r4,r6,0.5463203463203463,0.22640692640692642,0.22727272727272727,4620.0
21,r0,r2,r4,r6,0.354584365848164,0.3131335886460915,0.3322820455057445,4439.0
22,r1,r2,r4,r6,0.3453689167974882,0.31688719443821484,0.33774388876429695,4459.0
23,r0,r3,r4,r6,0.35663082437275984,0.305331541218638,0.33803763440860213,4464.0
24,r1,r3,r4,r6,0.3547661870503597,0.3095773381294964,0.3356564748201439,4448.0
25,r2,r3,r4,r6,0.3558897243107769,0.3194349510138984,0.3246753246753247,4389.0
26,r0,r1,r5,r6,0.5442295153227559,0.2327754835905238,0.22299500108672027,4601.0
27,r0,r2,r5,r6,0.3557951482479784,0.3196316262353998,0.32457322551662177,4452.0
28,r1,r2,r5,r6,0.3556306306306306,0.315990990990991,0.32837837837837835,4440.0
29,r0,r3,r5,r6,0.35956580732700133,0.311849841700588,0.3285843509724107,4422.0
30,r1,r3,r5,r6,0.3584433318161129,0.3142922166590806,0.32726445152480654,4394.0
31,r2,r3,r5,r6,0.3575355016032982,0.32707283554741184,0.31539166284929,4366.0
32,r0,r4,r5,r6,0.2344632768361582,0.2414167753150804,0.5241199478487614,4602.0
33,r1,r4,r5,r6,0.24031345232912493,0.23813670004353504,0.52154984762734,4594.0
34,r2,r4,r5,r6,0.24497377622377622,0.2395104895104895,0.5155157342657343,4576.0
35,r3,r4,r5,r6,0.24475982532751092,0.23733624454148472,0.5179039301310043,4580.0
36,r0,r1,r2,r7,0.5275368603642672,0.23373807458803122,0.23872506504770163,4612.0
37,r0,r1,r3,r7,0.5282319598866362,0.2304338347503815,0.24133420536298233,4587.0
38,r0,r2,r3,r7,0.3314492425955234,0.3260230612706308,0.3425276961338458,4423.0
39,r1,r2,r3,r7,0.328649138712602,0.32774252039891205,0.34360834088848596,4412.0
40,r0,r1,r4,r7,0.5486457204767063,0.22253521126760564,0.22881906825568799,4615.0
41,r0,r2,r4,r7,0.3526386404293381,0.31440071556350624,0.33296064400715564,4472.0
42,r1,r2,r4,r7,0.3523107836570663,0.3161419959812458,0.3315472203616879,4479.0
43,r0,r3,r4,r7,0.34806752554420256,0.3205242114615726,0.33140826299422477,4502.0
44,r1,r3,r4,r7,0.3491675915649279,0.31786903440621533,0.33296337402885684,4505.0
45,r2,r3,r4,r7,0.34905234657039713,0.32964801444043323,0.3212996389891697,4432.0
46,r0,r1,r5,r7,0.5429874077290491,0.22861485019539732,0.22839774207555363,4606.0
47,r0,r2,r5,r7,0.35604693140794225,0.32017148014440433,0.3237815884476534,4432.0
48,r1,r2,r5,r7,0.3546875,0.31875,0.3265625,4480.0
49,r0,r3,r5,r7,0.3512665321676754,0.32683254875588436,0.32190091907644025,4461.0
50,r1,r3,r5,r7,0.35409689662871174,0.31815137307434693,0.32775173029694127,4479.0
51,r2,r3,r5,r7,0.35383567862006354,0.3295506128007263,0.3166137085792102,4406.0
52,r0,r4,r5,r7,0.2259825327510917,0.23777292576419215,0.5362445414847161,4580.0
53,r1,r4,r5,r7,0.23388501742160278,0.24020034843205576,0.5259146341463414,4592.0
54,r2,r4,r5,r7,0.24109289617486337,0.23759562841530055,0.521311475409836,4575.0
55,r3,r4,r5,r7,0.24055882994979264,0.23728443571272648,0.5221567343374809,4581.0
56,r0,r1,r6,r7,0.5529077393965894,0.22321818976825536,0.22387407083515523,4574.0
57,r0,r2,r6,r7,0.3677007299270073,0.3154653284671533,0.31683394160583944,4384.0
58,r1,r2,r6,r7,0.3654326595503066,0.3195548489666137,0.3150124914830797,4403.0
59,r0,r3,r6,r7,0.3723477070499658,0.32352270134611,0.3041295916039243,4383.0
60,r1,r3,r6,r7,0.37082481254260397,0.3199272892524426,0.3092478982049534,4401.0
61,r2,r3,r6,r7,0.3766919018123423,0.31727460426703374,0.306033493920624,4359.0
62,r0,r4,r6,r7,0.3447508896797153,0.3202846975088968,0.3349644128113879,4496.0
63,r1,r4,r6,r7,0.3413870246085011,0.32930648769574944,0.32930648769574944,4470.0
64,r2,r4,r6,r7,0.353688989784336,0.31532349602724175,0.33098751418842226,4405.0
65,r3,r4,r6,r7,0.3550872422388398,0.3086335825968729,0.33627917516428735,4413.0
66,r0,r5,r6,r7,0.347678369195923,0.31891279728199323,0.3334088335220838,4415.0
67,r1,r5,r6,r7,0.34463148316651504,0.3248407643312102,0.3305277525022748,4396.0
68,r2,r5,r6,r7,0.35193231191401786,0.31717356505831235,0.3308941230276698,4373.0
69,r3,r5,r6,r7,0.3504117108874657,0.3190759377859103,0.330512351326624,4372.0
70,r4,r5,r6,r7,0.5304557405784399,0.23422436459246276,0.2353198948290973,4564.0
