qind,t1,t2,t3,t4,CF12_34,CF13_24,CF14_23,ngenes
1,r0,r1,r2,r3,0.5326301911667766,0.22852120413096022,0.23884860470226324,4551.0
2,r0,r1,r2,r4,0.5273762593079282,0.22886552781427946,0.24375821287779237,4566.0
3,r0,r1,r3,r4,0.5416938819943392,0.2303505334204224,0.2279555845852384,4593.0
4,r0,r2,r3,r4,0.3313239562402322,0.3290913150256754,0.33958472873409246,4479.0
5,r1,r2,r3,r4,0.3360178970917226,0.321923937360179,0.3420581655480984,4470.0
6,r0,r1,r2,r5,0.5191424196018377,0.23386567490702254,0.2469919054911398,4571.0
7,r0,r1,r3,r5,0.5331727611123276,0.2331946573242829,0.23363258156338954,4567.0
8,r0,r2,r3,r5,0.32282755515533545,0.32778027915353447,0.34939216569113013,4442.0
9,r1,r2,r3,r5,0.3340812205519408,0.31927305362351355,0.34664572582454567,4457.0
10,r0,r1,r4,r5,0.6714377269814142,0.16235847041230506,0.1662038026062807,4681.0
11,r0,r2,r4,r5,0.5374727668845316,0.22026143790849673,0.24226579520697167,4590.0
12,r1,r2,r4,r5,0.5418751359582337,0.21949097237328694,0.23863389166847945,4597.0
13,r0,r3,r4,r5,0.5312771503040834,0.23045178105994787,0.23827106863596872,4604.0
14,r1,r3,r4,r5,0.5306122448979592,0.22774641771602258,0.24164133738601823,4606.0
15,r2,r3,r4,r5,0.5458496305953933,0.232290308561495,0.2218600608431117,4602.0
16,r0,r1,r2,r6,0.5181539807524059,0.23075240594925633,0.2510936132983377,4572.0
17,r0,r1,r3,r6,0.5286401399212942,0.22955837341495408,0.24180148666375165,4574.0
18,r0,r2,r3,r6,0.31741761936785473,0.32548755884330866,0.35709482178883656,4461.0
19,r1,r2,r3,r6,0.33017163504968383,0.31775067750677505,0.3520776874435411,4428.0
20,r0,r1,r4,r6,0.5395714910362921,0.2225623087013555,0.23786620026235242,4574.0
21,r0,r2,r4,r6,0.3466576332429991,0.31255645889792233,0.3407859078590786,4428.0
22,r1,r2,r4,r6,0.3561427280939476,0.3172990063233966,0.3265582655826558,4428.0
23,r0,r3,r4,r6,0.3466188983430363,0.3168383340797134,0.3365427675772503,4466.0
24,r1,r3,r4,r6,0.348501914845686,0.317864383870241,0.333633701284073,4439.0
25,r2,r3,r4,r6,0.3573200992555831,0.32867132867132864,0.3140085720730882,4433.0
26,r0,r1,r5,r6,0.5400834614539863,0.22446738414232376,0.23544915440368988,4553.0
27,r0,r2,r5,r6,0.35059941189776067,0.3205157204252432,0.32888486767699615,4421.0
28,r1,r2,r5,r6,0.36277173913043476,0.3211050724637681,0.3161231884057971,4416.0
29,r0,r3,r5,r6,0.35714285714285715,0.3146900269541779,0.32816711590296493,4452.0
30,r1,r3,r5,r6,0.3610230873698506,0.31598008148483475,0.32299683114531463,4418.0
31,r2,r3,r5,r6,0.368135593220339,0.3161581920903955,0.3157062146892655,4425.0
32,r0,r4,r5,r6,0.23865619546247818,0.23472949389179756,0.5266143106457243,4584.0
33,r1,r4,r5,r6,0.24238439623055008,0.23383738768354154,0.5237782160859084,4563.0
34,r2,r4,r5,r6,0.25344412858080034,0.22938989722282965,0.51716597419637,4573.0
35,r3,r4,r5,r6,0.2502191060473269,0.22765118317265556,0.5221297107800176,4564.0
36,r0,r1,r2,r7,0.5240805604203153,0.23204903677758318,0.24387040280210157,4568.0
37,r0,r1,r3,r7,0.5322122734221446,0.23083642716750383,0.23695129941035162,4579.0
38,r0,r2,r3,r7,0.325586642599278,0.32017148014440433,0.35424187725631767,4432.0
39,r1,r2,r3,r7,0.33733574988672405,0.3187584956955143,0.34390575441776167,4414.0
40,r0,r1,r4,r7,0.5484290357529794,0.2240520043336945,0.2275189599133261,4615.0
41,r0,r2,r4,r7,0.3533919314852378,0.3159792652693261,0.3306288032454361,4437.0
42,r1,r2,r4,r7,0.358010801080108,0.3154815481548155,0.3265076507650765,4444.0
43,r0,r3,r4,r7,0.3530469979761637,0.31504384978637284,0.3319091522374635,4447.0
44,r1,r3,r4,r7,0.355825461088619,0.31421502474134055,0.3299595141700405,4446.0
45,r2,r3,r4,r7,0.36408752537784794,0.3185201894879314,0.31739228513422063,4433.0
46,r0,r1,r5,r7,0.5441240716470074,0.22498907820008737,0.2308868501529052,4578.0
47,r0,r2,r5,r7,0.3548899478103018,0.32085318810982527,0.3242568640798729,4407.0
48,r1,r2,r5,r7,0.3626100699932265,0.3194852111086024,0.3179047188981711,4429.0
49,r0,r3,r5,r7,0.35780022446689114,0.31739618406285075,0.3248035914702581,4455.0
50,r1,r3,r5,r7,0.3557347670250896,0.32123655913978494,0.32302867383512546,4464.0
51,r2,r3,r5,r7,0.37225119020630243,0.31534799365223304,0.31240081614146453,4411.0
52,r0,r4,r5,r7,0.23565217391304347,0.2376086956521739,0.5267391304347826,4600.0
53,r1,r4,r5,r7,0.23400563869008892,0.24484927347646931,0.5211450878334418,4611.0
54,r2,r4,r5,r7,0.2462882096069869,0.23056768558951965,0.5231441048034935,4580.0
55,r3,r4,r5,r7,0.2475355969331873,0.2370208105147864,0.5154435925520263,4565.0
56,r0,r1,r6,r7,0.5530983139916794,0.22399824830304357,0.22290343770527699,4567.0
57,r0,r2,r6,r7,0.3678239164964829,0.32085318810982527,0.31132289539369185,4407.0
58,r1,r2,r6,r7,0.3738339021615472,0.3169510807736064,0.30921501706484644,4395.0
59,r0,r3,r6,r7,0.3594066082265678,0.3200719262755675,0.3205214654978647,4449.0
60,r1,r3,r6,r7,0.35885817852288177,0.3198912550974173,0.32125056637970095,4414.0
61,r2,r3,r6,r7,0.3813096862210095,0.3040018190086403,0.31468849477035016,4398.0
62,r0,r4,r6,r7,0.34723156242994846,0.334678323245909,0.3180901143241426,4461.0
63,r1,r4,r6,r7,0.3438414771447872,0.33460932222472417,0.32154920063048864,4441.0
64,r2,r4,r6,r7,0.36110477060031954,0.31910522711709655,0.31979000228258386,4381.0
65,r3,r4,r6,r7,0.35711060948081264,0.32663656884875847,0.3162528216704289,4430.0
66,r0,r5,r6,r7,0.3463193657984145,0.32842582106455265,0.32525481313703286,4415.0
67,r1,r5,r6,r7,0.34293490587434794,0.32433658425946926,0.3327285098661828,4409.0
68,r2,r5,r6,r7,0.34208723452843115,0.32747202557661564,0.3304407398949532,4379.0
69,r3,r5,r6,r7,0.34514672686230247,0.3216704288939052,0.3331828442437923,4430.0
70,r4,r5,r6,r7,0.5253607345867949,0.23174464363795366,0.24289462177525142,4574.0
