qind,t1,t2,t3,t4,CF12_34,CF13_24,CF14_23,ngenes
1,r0,r1,r2,r3,0.5232225401716927,0.23486682808716708,0.24191063174114022,4543.0
2,r0,r1,r2,r4,0.5123389386328893,0.24568683118584844,0.2419742301812623,4579.0
3,r0,r1,r3,r4,0.5241213708797205,0.24645273957651168,0.22942588954376775,4581.0
4,r0,r2,r3,r4,0.33603421111861353,0.32230474904343914,0.3416610398379473,4443.0
5,r1,r2,r3,r4,0.328428093645485,0.3212931995540691,0.3502787068004459,4485.0
6,r0,r1,r2,r5,0.5141735717400785,0.24051460968163976,0.24531181857828172,4586.0
7,r0,r1,r3,r5,0.5206919202977884,0.2434858769432888,0.2358222027589227,4567.0
8,r0,r2,r3,r5,0.32748538011695905,0.33468286099865047,0.3378317588843905,4446.0
9,r1,r2,r3,r5,0.3312458063073138,0.3247595616193245,0.3439946320733617,4471.0
10,r0,r1,r4,r5,0.6716513565477462,0.16171758171330913,0.16663106173894468,4681.0
11,r0,r2,r4,r5,0.543030565792326,0.23195317580750055,0.22501625840017342,4613.0
12,r1,r2,r4,r5,0.5383282806409702,0.23451710697271547,0.22715461238631443,4618.0
13,r0,r3,r4,r5,0.5414137033824805,0.22810060711188204,0.23048568950563747,4612.0
14,r1,r3,r4,r5,0.5319102592027881,0.23742104116750162,0.23066869962971032,4591.0
15,r2,r3,r4,r5,0.5432744713320253,0.2262916939175932,0.2304338347503815,4587.0
16,r0,r1,r2,r6,0.5111353711790393,0.2443231441048035,0.2445414847161572,4580.0
17,r0,r1,r3,r6,0.525010969723563,0.24155331285651602,0.23343571741992103,4558.0
18,r0,r2,r3,r6,0.34084253210182475,0.32552376661410226,0.333633701284073,4439.0
19,r1,r2,r3,r6,0.33935425603973807,0.3197109957100926,0.34093474825016934,4429.0
20,r0,r1,r4,r6,0.5244221543829045,0.23288268643698212,0.2426951591801134,4586.0
21,r0,r2,r4,r6,0.3541108132260947,0.3214924039320822,0.32439678284182305,4476.0
22,r1,r2,r4,r6,0.3484172982612572,0.32679447168970127,0.32478823004904145,4486.0
23,r0,r3,r4,r6,0.34419231633340824,0.3300381936643451,0.3257694900022467,4451.0
24,r1,r3,r4,r6,0.3347562345540328,0.3381262637609526,0.3271175016850146,4451.0
25,r2,r3,r4,r6,0.362679211469534,0.3234767025089606,0.3138440860215054,4464.0
26,r0,r1,r5,r6,0.524256993006993,0.24082167832167833,0.23492132867132867,4576.0
27,r0,r2,r5,r6,0.3507795100222717,0.32093541202672604,0.3282850779510022,4490.0
28,r1,r2,r5,r6,0.35421310744538564,0.31943825234061524,0.3263486402139991,4486.0
29,r0,r3,r5,r6,0.3534560143626571,0.32989228007181326,0.31665170556552963,4456.0
30,r1,r3,r5,r6,0.3473376769265334,0.3293641878229611,0.3232981352505055,4451.0
31,r2,r3,r5,r6,0.3623513574153018,0.32622840475656273,0.3114202378281355,4457.0
32,r0,r4,r5,r6,0.2388576373864128,0.2425356988316746,0.5186066637819126,4622.0
33,r1,r4,r5,r6,0.24451206259508804,0.23733970875896543,0.5181482286459466,4601.0
34,r2,r4,r5,r6,0.2347315800912845,0.2477722234296892,0.5174961964790263,4601.0
35,r3,r4,r5,r6,0.2427733101499674,0.23299282764616389,0.5242338622038687,4601.0
36,r0,r1,r2,r7,0.514648010494097,0.2374289462177525,0.2479230432881504,4574.0
37,r0,r1,r3,r7,0.5172942206654991,0.2425569176882662,0.24014886164623467,4568.0
38,r0,r2,r3,r7,0.3256078164053624,0.32424448988866167,0.3501476937059759,4401.0
39,r1,r2,r3,r7,0.33070155650800814,0.3239341303857433,0.3453643131062486,4433.0
40,r0,r1,r4,r7,0.5382088898620538,0.2215896649879571,0.24020144514998906,4567.0
41,r0,r2,r4,r7,0.36157303370786514,0.3204494382022472,0.31797752808988766,4450.0
42,r1,r2,r4,r7,0.3620766488413547,0.32598039215686275,0.31194295900178254,4488.0
43,r0,r3,r4,r7,0.36097341144659756,0.3145561063542136,0.32447048219918884,4438.0
44,r1,r3,r4,r7,0.3561921949018723,0.31987367471238437,0.3239341303857433,4433.0
45,r2,r3,r4,r7,0.3770306859205776,0.30685920577617326,0.3161101083032491,4432.0
46,r0,r1,r5,r7,0.5352851212584663,0.22700458815818222,0.23771029058335155,4577.0
47,r0,r2,r5,r7,0.3628417749887943,0.31712236665172566,0.32003585835948006,4462.0
48,r1,r2,r5,r7,0.3660674157303371,0.3208988764044944,0.31303370786516854,4450.0
49,r0,r3,r5,r7,0.3604415408875873,0.3174138319441316,0.32214462716828113,4439.0
50,r1,r3,r5,r7,0.3551739719837325,0.31947582467239044,0.3253502033438771,4426.0
51,r2,r3,r5,r7,0.36932849364791287,0.31669691470054445,0.3139745916515426,4408.0
52,r0,r4,r5,r7,0.23348694316436253,0.24731182795698925,0.5192012288786483,4557.0
53,r1,r4,r5,r7,0.23908751919280544,0.2507128756306207,0.5101996051765738,4559.0
54,r2,r4,r5,r7,0.23500988359323524,0.25367889303755764,0.5113112233692071,4553.0
55,r3,r4,r5,r7,0.24106364428945073,0.2460767218831735,0.5128596338273758,4588.0
56,r0,r1,r6,r7,0.5454147515867804,0.22280586561610854,0.23177938279711097,4569.0
57,r0,r2,r6,r7,0.37423590672402085,0.3162780167534526,0.3094860765225266,4417.0
58,r1,r2,r6,r7,0.3812739140220572,0.31982894440693227,0.2988971415710106,4443.0
59,r0,r3,r6,r7,0.36768043576940534,0.3032228778937812,0.32909668633681344,4406.0
60,r1,r3,r6,r7,0.36215112321307014,0.31586113002042204,0.3219877467665078,4407.0
61,r2,r3,r6,r7,0.3783110708625764,0.30156214625311295,0.3201267828843106,4417.0
62,r0,r4,r6,r7,0.3469158036920306,0.330031517334534,0.32305267897343537,4442.0
63,r1,r4,r6,r7,0.36023313158484643,0.33310916834790405,0.3066577000672495,4461.0
64,r2,r4,r6,r7,0.3461191335740072,0.33416064981949456,0.3197202166064982,4432.0
65,r3,r4,r6,r7,0.34220100045475216,0.34220100045475216,0.3155979990904957,4398.0
66,r0,r5,r6,r7,0.3489736070381232,0.3320550417324611,0.3189713512294157,4433.0
67,r1,r5,r6,r7,0.35437330928764654,0.3334084761045987,0.31221821460775473,4436.0
68,r2,r5,r6,r7,0.35216021602160213,0.32875787578757876,0.3190819081908191,4444.0
69,r3,r5,r6,r7,0.3372862029646522,0.33363740022805016,0.3290763968072976,4385.0
70,r4,r5,r6,r7,0.5211975524475524,0.2375437062937063,0.24125874125874125,4576.0
