qind,t1,t2,t3,t4,CF12_34,CF13_24,CF14_23,ngenes
1,r0,r1,r2,r3,0.4286340714755536,0.27800920850690636,0.29335672001754004,4561.0
2,r0,r1,r2,r4,0.42929627178469004,0.2788440326494595,0.29185969556585045,4533.0
3,r0,r1,r3,r4,0.5134235633459063,0.2438429110272909,0.24273352562680275,4507.0
4,r0,r2,r3,r4,0.4228113165515705,0.2849186901314324,0.2922699933169971,4489.0
5,r1,r2,r3,r4,0.42121754700089525,0.2849149507609669,0.29386750223813785,4468.0
6,r0,r1,r2,r5,0.42208642514185946,0.2898297686599738,0.28808380619816676,4582.0
7,r0,r1,r3,r5,0.5054680664916885,0.2517497812773403,0.24278215223097113,4572.0
8,r0,r2,r3,r5,0.4180815876515987,0.2798235942668137,0.30209481808158767,4535.0
9,r1,r2,r3,r5,0.42292402826855124,0.2765017667844523,0.3005742049469965,4528.0
10,r0,r1,r4,r5,0.4988986784140969,0.2577092511013216,0.2433920704845815,4540.0
11,r0,r2,r4,r5,0.4185424559839536,0.29329173166926675,0.28816581234677957,4487.0
12,r1,r2,r4,r5,0.417718715393134,0.284828349944629,0.297452934662237,4515.0
13,r0,r3,r4,r5,0.32125877292279825,0.34231378763866877,0.3364274394385329,4417.0
14,r1,r3,r4,r5,0.31918735891647854,0.33363431151241535,0.3471783295711061,4430.0
15,r2,r3,r4,r5,0.3316920322291853,0.33325872873769025,0.33504923903312445,4468.0
16,r0,r1,r2,r6,0.42510729613733905,0.2836909871244635,0.29120171673819745,4660.0
17,r0,r1,r3,r6,0.5077922077922078,0.2538961038961039,0.2383116883116883,4620.0
18,r0,r2,r3,r6,0.42408376963350786,0.29035776614310643,0.2855584642233857,4584.0
19,r1,r2,r3,r6,0.4272628135223555,0.27829880043620503,0.29443838604143946,4585.0
20,r0,r1,r4,r6,0.5172488609242786,0.24842699067042742,0.234324148405294,4609.0
21,r0,r2,r4,r6,0.42466941252980706,0.2928679817905918,0.28246260567960113,4613.0
22,r1,r2,r4,r6,0.42863387978142076,0.2804371584699454,0.29092896174863386,4575.0
23,r0,r3,r4,r6,0.33296213808463254,0.3391982182628062,0.32783964365256124,4490.0
24,r1,r3,r4,r6,0.32852386237513875,0.3398446170921199,0.3316315205327414,4505.0
25,r2,r3,r4,r6,0.3338478500551268,0.33076074972436603,0.3353914002205072,4535.0
26,r0,r1,r5,r6,0.5175306517530652,0.24263282426328242,0.2398365239836524,4649.0
27,r0,r2,r5,r6,0.4329584775086505,0.2951989619377163,0.2718425605536332,4624.0
28,r1,r2,r5,r6,0.4261511728931364,0.29843614248479583,0.27541268462206775,4604.0
29,r0,r3,r5,r6,0.3397887323943662,0.33934859154929575,0.320862676056338,4544.0
30,r1,r3,r5,r6,0.3284173453664979,0.3414043583535109,0.3301782962799912,4543.0
31,r2,r3,r5,r6,0.3475889155574951,0.3253327514728344,0.32707833296967054,4583.0
32,r0,r4,r5,r6,0.3530454042081949,0.33178294573643413,0.315171650055371,4515.0
33,r1,r4,r5,r6,0.3372349823321555,0.3412102473498233,0.3215547703180212,4528.0
34,r2,r4,r5,r6,0.34249285557265335,0.33018245768300725,0.3273246867443394,4549.0
35,r3,r4,r5,r6,0.3394273127753304,0.33458149779735685,0.32599118942731276,4540.0
36,r0,r1,r2,r7,0.4256136606189968,0.2849519743863394,0.2894343649946638,4685.0
37,r0,r1,r3,r7,0.49978485370051634,0.2573149741824441,0.2429001721170396,4648.0
38,r0,r2,r3,r7,0.4190004308487721,0.2949159844894442,0.28608358466178374,4642.0
39,r1,r2,r3,r7,0.4222077357670578,0.2894393741851369,0.2883528900478053,4602.0
40,r0,r1,r4,r7,0.5033455644290956,0.2525361536801209,0.24411828189078352,4633.0
41,r0,r2,r4,r7,0.41351759879075795,0.30079896350680196,0.2856834377024401,4631.0
42,r1,r2,r4,r7,0.41497931635096885,0.2910951447855432,0.29392553886348793,4593.0
43,r0,r3,r4,r7,0.3218921892189219,0.33509350935093507,0.343014301430143,4545.0
44,r1,r3,r4,r7,0.3133216476774759,0.3319456617002629,0.35473269062226115,4564.0
45,r2,r3,r4,r7,0.319511130510694,0.32714971628109996,0.353339153208206,4582.0
46,r0,r1,r5,r7,0.5043552156362864,0.24304227745910345,0.25260250690461017,4707.0
47,r0,r2,r5,r7,0.4242814242814243,0.2947232947232947,0.280995280995281,4662.0
48,r1,r2,r5,r7,0.4213917525773196,0.3011168384879725,0.2774914089347079,4656.0
49,r0,r3,r5,r7,0.32855591748099894,0.33528773072747015,0.33615635179153097,4605.0
50,r1,r3,r5,r7,0.3239590146064966,0.3381294964028777,0.3379114889906257,4587.0
51,r2,r3,r5,r7,0.3308663474096648,0.325859817152808,0.3432738354375272,4594.0
52,r0,r4,r5,r7,0.34800700832238285,0.32566798072711345,0.3263250109505037,4566.0
53,r1,r4,r5,r7,0.3369755244755245,0.3382867132867133,0.32473776223776224,4576.0
54,r2,r4,r5,r7,0.33734676007005254,0.32377408056042034,0.33887915936952717,4568.0
55,r3,r4,r5,r7,0.34510573359494223,0.3322432962720733,0.32265097013298455,4587.0
56,r0,r1,r6,r7,0.5880349159037683,0.20970832446242282,0.20225675963380882,4697.0
57,r0,r2,r6,r7,0.5145735105015002,0.24346335190741533,0.24196313759108445,4666.0
58,r1,r2,r6,r7,0.5106152512998267,0.2432842287694974,0.24610051993067592,4616.0
59,r0,r3,r6,r7,0.42533739660426645,0.27753591641271225,0.29712668698302136,4594.0
60,r1,r3,r6,r7,0.41953772350632357,0.2723506323593546,0.30811164413432185,4586.0
61,r2,r3,r6,r7,0.427733101499674,0.2764616387741795,0.29580525972614646,4601.0
62,r0,r4,r6,r7,0.4370386452453322,0.26313504125054277,0.29982631350412503,4606.0
63,r1,r4,r6,r7,0.42748257839721254,0.26393728222996515,0.3085801393728223,4592.0
64,r2,r4,r6,r7,0.43315858453473133,0.2651813018785496,0.30166011358671907,4578.0
65,r3,r4,r6,r7,0.4367816091954023,0.27889828670570377,0.28432010409889397,4611.0
66,r0,r5,r6,r7,0.4339744975145883,0.27188242921979683,0.2941430732656149,4627.0
67,r1,r5,r6,r7,0.434640522875817,0.2701525054466231,0.29520697167755994,4590.0
68,r2,r5,r6,r7,0.42157712305025996,0.27794627383015597,0.3004766031195841,4616.0
69,r3,r5,r6,r7,0.4298037524261376,0.2859607504852275,0.2842354970886349,4637.0
70,r4,r5,r6,r7,0.4232861806311208,0.29445048966267684,0.2822633297062024,4595.0
