qind,t1,t2,t3,t4,CF12_34,CF13_24,CF14_23,ngenes
1,r0,r1,r2,r3,0.42955098429550986,0.2815748728157487,0.2888741428887414,4521.0
2,r0,r1,r2,r4,0.43301699404105054,0.2800706245861841,0.28691238137276537,4531.0
3,r0,r1,r3,r4,0.5049789776499225,0.24673600354060632,0.24828501880947113,4519.0
4,r0,r2,r3,r4,0.4172421474715972,0.2942748941857875,0.2884829583426153,4489.0
5,r1,r2,r3,r4,0.417377638078132,0.29501571621014816,0.2876066457117198,4454.0
6,r0,r1,r2,r5,0.4245468442891461,0.2821576763485477,0.29329547936230616,4579.0
7,r0,r1,r3,r5,0.506768558951965,0.24017467248908297,0.253056768558952,4580.0
8,r0,r2,r3,r5,0.4232922732362822,0.2821948488241881,0.2945128779395297,4465.0
9,r1,r2,r3,r5,0.42943413106687545,0.2887497204204876,0.281816148512637,4471.0
10,r0,r1,r4,r5,0.5203341393712904,0.23719498790943064,0.24247087271927897,4549.0
11,r0,r2,r4,r5,0.42371384411569885,0.28438948995363217,0.29189666593066904,4529.0
12,r1,r2,r4,r5,0.43149011769931156,0.28780812791472354,0.2807017543859649,4503.0
13,r0,r3,r4,r5,0.3430640416383797,0.3367277664630007,0.3202081918986196,4419.0
14,r1,r3,r4,r5,0.34878986654603034,0.33205157204252433,0.3191585614114454,4421.0
15,r2,r3,r4,r5,0.34438430311231394,0.3342354533152909,0.32138024357239514,4434.0
16,r0,r1,r2,r6,0.4237104464672735,0.29020372778500214,0.28608582574772434,4614.0
17,r0,r1,r3,r6,0.5090119435396309,0.250814332247557,0.24017372421281216,4605.0
18,r0,r2,r3,r6,0.4294787560227771,0.28756022777047746,0.2829610162067455,4566.0
19,r1,r2,r3,r6,0.4329080510338759,0.2837659480862297,0.2833260008798944,4546.0
20,r0,r1,r4,r6,0.5114703954555385,0.24623115577889448,0.24229844876556697,4577.0
21,r0,r2,r4,r6,0.42875788557755057,0.28670872308026973,0.2845333913421797,4597.0
22,r1,r2,r4,r6,0.42850867559850647,0.28772238084779267,0.28376894355370086,4553.0
23,r0,r3,r4,r6,0.338885187652676,0.34132800355318677,0.31978680879413723,4503.0
24,r1,r3,r4,r6,0.33437083148065805,0.34104046242774566,0.3245887060915963,4498.0
25,r2,r3,r4,r6,0.33156498673740054,0.33974358974358976,0.3286914235190097,4524.0
26,r0,r1,r5,r6,0.5226586102719033,0.25183426845058265,0.22550712127751402,4634.0
27,r0,r2,r5,r6,0.436470078057242,0.2864267129228101,0.27710320901994795,4612.0
28,r1,r2,r5,r6,0.43864964293442976,0.27807833802207316,0.2832720190434971,4621.0
29,r0,r3,r5,r6,0.34617925567055713,0.32900242237392646,0.3248183219555164,4541.0
30,r1,r3,r5,r6,0.352317880794702,0.3152317880794702,0.33245033112582784,4530.0
31,r2,r3,r5,r6,0.34295154185022025,0.3275330396475771,0.3295154185022026,4540.0
32,r0,r4,r5,r6,0.3403268551236749,0.32265901060070673,0.3370141342756184,4528.0
33,r1,r4,r5,r6,0.34074400176095093,0.31521021351529827,0.3440457847237508,4543.0
34,r2,r4,r5,r6,0.3350970017636684,0.32407407407407407,0.3408289241622575,4536.0
35,r3,r4,r5,r6,0.33103294746215495,0.323686553873553,0.34528049866429206,4492.0
36,r0,r1,r2,r7,0.4340150699677072,0.28008611410118406,0.2858988159311087,4645.0
37,r0,r1,r3,r7,0.5072495130924043,0.24367020125513958,0.24908028565245618,4621.0
38,r0,r2,r3,r7,0.42343715966020473,0.2875190590285341,0.2890437813112612,4591.0
39,r1,r2,r3,r7,0.42869641294838146,0.2909011373578303,0.2804024496937883,4572.0
40,r0,r1,r4,r7,0.51350183624973,0.24044069993519118,0.24605746381507884,4629.0
41,r0,r2,r4,r7,0.4199696772796188,0.28460038986354774,0.29542993285683344,4617.0
42,r1,r2,r4,r7,0.4264224983649444,0.2886418138216699,0.28493568781338563,4587.0
43,r0,r3,r4,r7,0.3382547377699427,0.33010136624063463,0.3316438959894227,4538.0
44,r1,r3,r4,r7,0.34042086804033317,0.3314335817623849,0.3281455501972819,4562.0
45,r2,r3,r4,r7,0.3345839770470095,0.3332597660560583,0.33215625689693223,4531.0
46,r0,r1,r5,r7,0.5214514407684098,0.24119530416221985,0.23735325506937033,4685.0
47,r0,r2,r5,r7,0.4282001299545159,0.290448343079922,0.28135152696556204,4617.0
48,r1,r2,r5,r7,0.4352051835853132,0.2866090712742981,0.2781857451403888,4630.0
49,r0,r3,r5,r7,0.3401612551754195,0.3246894748311179,0.3351492699934626,4589.0
50,r1,r3,r5,r7,0.346412313028398,0.32104920875785825,0.33253847821374377,4613.0
51,r2,r3,r5,r7,0.341670291431057,0.3253588516746411,0.3329708568943019,4598.0
52,r0,r4,r5,r7,0.33064516129032256,0.3295553618134263,0.33979947689625106,4588.0
53,r1,r4,r5,r7,0.33500108766586906,0.3282575592777899,0.3367413530563411,4597.0
54,r2,r4,r5,r7,0.33616557734204794,0.32592592592592595,0.33790849673202616,4590.0
55,r3,r4,r5,r7,0.3295978905735003,0.33575038453087236,0.33465172489562733,4551.0
56,r0,r1,r6,r7,0.5856200808338652,0.194639438417358,0.21974048074877686,4701.0
57,r0,r2,r6,r7,0.5156450921560223,0.23789112730390055,0.24646378054007714,4666.0
58,r1,r2,r6,r7,0.516673792218897,0.25117571611799916,0.2321504916631039,4678.0
59,r0,r3,r6,r7,0.43633607622347337,0.2667821567778259,0.2968817669987007,4618.0
60,r1,r3,r6,r7,0.43693107932379716,0.276766363242306,0.2863025574338968,4614.0
61,r2,r3,r6,r7,0.43237394503354254,0.2765635143908245,0.29106254057563297,4621.0
62,r0,r4,r6,r7,0.4326133909287257,0.2760259179265659,0.2913606911447084,4630.0
63,r1,r4,r6,r7,0.4353146853146853,0.28518356643356646,0.2795017482517482,4576.0
64,r2,r4,r6,r7,0.42866435385949697,0.28577623590633133,0.28555941023417175,4612.0
65,r3,r4,r6,r7,0.42888117953165655,0.3003035559410234,0.27081526452732,4612.0
66,r0,r5,r6,r7,0.43486714193130266,0.2741412832145172,0.29099157485418015,4629.0
67,r1,r5,r6,r7,0.4200863930885529,0.29028077753779696,0.2896328293736501,4630.0
68,r2,r5,r6,r7,0.43113513513513513,0.27762162162162163,0.29124324324324324,4625.0
69,r3,r5,r6,r7,0.4266035299182092,0.29121825226000864,0.28217821782178215,4646.0
70,r4,r5,r6,r7,0.4358695652173913,0.27456521739130435,0.28956521739130436,4600.0
