qind,t1,t2,t3,t4,CF12_34,CF13_24,CF14_23,ngenes
1,r0,r1,r2,r3,0.42162043152796125,0.2864376926464113,0.2919418758256275,4542.0
2,r0,r1,r2,r4,0.4227534307215582,0.29305002213368747,0.28419654714475434,4518.0
3,r0,r1,r3,r4,0.4921581621382814,0.25646123260437376,0.25138060525734485,4527.0
4,r0,r2,r3,r4,0.4099099099099099,0.28783783783783784,0.3022522522522523,4440.0
5,r1,r2,r3,r4,0.41023906179521874,0.28258908434821833,0.3071718538565629,4434.0
6,r0,r1,r2,r5,0.42375109553023665,0.2955740578439965,0.28067484662576686,4564.0
7,r0,r1,r3,r5,0.4968306010928962,0.26382513661202184,0.23934426229508196,4575.0
8,r0,r2,r3,r5,0.4181940098345999,0.2874385337505588,0.2943674564148413,4474.0
9,r1,r2,r3,r5,0.4146177916852928,0.278497988377291,0.30688421993741616,4474.0
10,r0,r1,r4,r5,0.5036160420775806,0.25706771860618016,0.23931623931623933,4563.0
11,r0,r2,r4,r5,0.4290178571428571,0.2924107142857143,0.2785714285714286,4480.0
12,r1,r2,r4,r5,0.4168327796234773,0.29258028792912516,0.2905869324473976,4515.0
13,r0,r3,r4,r5,0.3407707910750507,0.3418976786116746,0.3173315303132747,4437.0
14,r1,r3,r4,r5,0.3344571813890762,0.33468195100022474,0.33086086761069905,4449.0
15,r2,r3,r4,r5,0.3472596585804133,0.3270440251572327,0.325696316262354,4452.0
16,r0,r1,r2,r6,0.4138155045474231,0.29818103074924207,0.28800346470333477,4618.0
17,r0,r1,r3,r6,0.4942428850749511,0.2611340430154247,0.24462307190962415,4603.0
18,r0,r2,r3,r6,0.42155134420449536,0.28206258263552225,0.2963860731599824,4538.0
19,r1,r2,r3,r6,0.41679523914480937,0.2704430240246859,0.31276173683050473,4537.0
20,r0,r1,r4,r6,0.49760973489787047,0.2570621468926554,0.24532811820947414,4602.0
21,r0,r2,r4,r6,0.42581211589113255,0.283801580333626,0.29038630377524144,4556.0
22,r1,r2,r4,r6,0.41956809167033937,0.2772146319964742,0.3032172763331864,4538.0
23,r0,r3,r4,r6,0.33860900579580916,0.3374944271065537,0.3238965670976371,4486.0
24,r1,r3,r4,r6,0.3362792752982766,0.32832523199292973,0.33539549270879365,4526.0
25,r2,r3,r4,r6,0.34745011086474503,0.3348115299334812,0.31773835920177385,4510.0
26,r0,r1,r5,r6,0.509344790547798,0.24511278195488723,0.24554242749731472,4655.0
27,r0,r2,r5,r6,0.43959877889228083,0.2725686873092019,0.28783253379851725,4586.0
28,r1,r2,r5,r6,0.4283220597861663,0.2747108880645865,0.29696705214924723,4583.0
29,r0,r3,r5,r6,0.34852487890797007,0.3188022897402025,0.3326728313518274,4542.0
30,r1,r3,r5,r6,0.33842746400885937,0.31982281284606867,0.34174972314507196,4515.0
31,r2,r3,r5,r6,0.3573959255978742,0.3213020372010629,0.3213020372010629,4516.0
32,r0,r4,r5,r6,0.3509668815292287,0.31384752167148255,0.3351855967992887,4499.0
33,r1,r4,r5,r6,0.34030837004405284,0.3213656387665198,0.3383259911894273,4540.0
34,r2,r4,r5,r6,0.3473939929328622,0.32795936395759717,0.3246466431095406,4528.0
35,r3,r4,r5,r6,0.3365810451727192,0.32728077945084144,0.3361381753764393,4516.0
36,r0,r1,r2,r7,0.42374704237470423,0.299634329963433,0.2766186276618628,4649.0
37,r0,r1,r3,r7,0.497960935823138,0.26808327967374973,0.23395578450311225,4659.0
38,r0,r2,r3,r7,0.4162114922438278,0.29167577015512347,0.2921127376010487,4577.0
39,r1,r2,r3,r7,0.4148796498905908,0.2800875273522976,0.3050328227571116,4570.0
40,r0,r1,r4,r7,0.5012942191544435,0.2612165660051769,0.23748921484037963,4636.0
41,r0,r2,r4,r7,0.42305173542894564,0.29360401659026414,0.2833442479807902,4581.0
42,r1,r2,r4,r7,0.4188893747267162,0.28771316134674246,0.2933974639265413,4574.0
43,r0,r3,r4,r7,0.3397844732790851,0.3318671651638443,0.3283483615570706,4547.0
44,r1,r3,r4,r7,0.3290421121536112,0.3305694959633428,0.34038839188304604,4583.0
45,r2,r3,r4,r7,0.33962678375411637,0.329967069154775,0.33040614709110866,4555.0
46,r0,r1,r5,r7,0.5111111111111111,0.24700854700854702,0.24188034188034188,4680.0
47,r0,r2,r5,r7,0.4370386452453322,0.28549717759444204,0.2774641771602258,4606.0
48,r1,r2,r5,r7,0.4229685807150596,0.28710725893824485,0.28992416034669555,4615.0
49,r0,r3,r5,r7,0.3476076032335591,0.32029713786322916,0.33209525890321173,4577.0
50,r1,r3,r5,r7,0.3356750823271131,0.3290889132821076,0.3352360043907794,4555.0
51,r2,r3,r5,r7,0.3526431718061674,0.3213656387665198,0.32599118942731276,4540.0
52,r0,r4,r5,r7,0.34218545929473226,0.32520679146713105,0.3326077492381367,4594.0
53,r1,r4,r5,r7,0.3331151832460733,0.3318062827225131,0.33507853403141363,4584.0
54,r2,r4,r5,r7,0.3414101724514298,0.3289674743505785,0.3296223531979917,4581.0
55,r3,r4,r5,r7,0.3425824776054184,0.32903648678173475,0.3283810356128468,4577.0
56,r0,r1,r6,r7,0.581814282650654,0.21252412609907784,0.20566159125026806,4663.0
57,r0,r2,r6,r7,0.5171669185920967,0.2558842582595552,0.22694882314834808,4631.0
58,r1,r2,r6,r7,0.5082215491129382,0.2587624405019472,0.23301601038511466,4622.0
59,r0,r3,r6,r7,0.4343654600959442,0.2867422590492804,0.2788922808547754,4586.0
60,r1,r3,r6,r7,0.42299301919720766,0.2951570680628272,0.28184991273996507,4584.0
61,r2,r3,r6,r7,0.44612021857923495,0.2695081967213115,0.28437158469945356,4575.0
62,r0,r4,r6,r7,0.43273201477939577,0.28341664855466203,0.2838513366659422,4601.0
63,r1,r4,r6,r7,0.42423585519184914,0.28614784305224367,0.28961630175590725,4613.0
64,r2,r4,r6,r7,0.43743222728258513,0.2728258512253307,0.28974192149208416,4611.0
65,r3,r4,r6,r7,0.4249728555917481,0.28773072747014117,0.28729641693811075,4605.0
66,r0,r5,r6,r7,0.42010421189752495,0.28766825879287883,0.29222752930959617,4606.0
67,r1,r5,r6,r7,0.41228831958315243,0.2933130699088146,0.294398610508033,4606.0
68,r2,r5,r6,r7,0.4236549771291658,0.2781529078632106,0.2981921150076236,4591.0
69,r3,r5,r6,r7,0.4258373205741627,0.28251413658112223,0.2916485428447151,4598.0
70,r4,r5,r6,r7,0.42154312960554835,0.2891200693541396,0.2893368010403121,4614.0
