qind,t1,t2,t3,t4,CF12_34,CF13_24,CF14_23,ngenes
1,r0,r1,r2,r3,0.43379599030623484,0.2751707424542851,0.2910332672394801,4539.0
2,r0,r1,r2,r4,0.4322722283205269,0.27947310647639956,0.2882546652030735,4555.0
3,r0,r1,r3,r4,0.508414526129318,0.2420283436669619,0.2495571302037201,4516.0
4,r0,r2,r3,r4,0.4099169845187346,0.2981826340587839,0.2919003814224815,4457.0
5,r1,r2,r3,r4,0.4103194103194103,0.2970739334375698,0.2926066562430199,4477.0
6,r0,r1,r2,r5,0.4271717831482691,0.27977356847376444,0.29305464837796646,4593.0
7,r0,r1,r3,r5,0.5064509075005467,0.24316641154603105,0.25038268095342225,4573.0
8,r0,r2,r3,r5,0.4138925876608966,0.28806036395916557,0.29804704837993784,4506.0
9,r1,r2,r3,r5,0.4124007060900265,0.2972197705207414,0.2903795233892321,4532.0
10,r0,r1,r4,r5,0.5035010940919037,0.24179431072210067,0.25470459518599564,4570.0
11,r0,r2,r4,r5,0.4219614788576489,0.2866947088775736,0.2913438122647775,4517.0
12,r1,r2,r4,r5,0.42360801781737195,0.289086859688196,0.2873051224944321,4490.0
13,r0,r3,r4,r5,0.337474587756946,0.32821323695504856,0.33431217528800544,4427.0
14,r1,r3,r4,r5,0.3416498089458305,0.3279388626657676,0.33041132838840187,4449.0
15,r2,r3,r4,r5,0.34001802613789994,0.33573681838666064,0.32424515547543936,4438.0
16,r0,r1,r2,r6,0.42261392949269133,0.2824591573516767,0.29492691315563196,4652.0
17,r0,r1,r3,r6,0.5033909429008969,0.24808575803981622,0.2485232990592868,4571.0
18,r0,r2,r3,r6,0.41086812458581845,0.29798983874530593,0.2911420366688756,4527.0
19,r1,r2,r3,r6,0.41519823788546256,0.2933920704845815,0.29140969162995595,4540.0
20,r0,r1,r4,r6,0.5039079461571863,0.25010855405992183,0.24598349978289188,4606.0
21,r0,r2,r4,r6,0.41946748144914886,0.28939327804452203,0.2911392405063291,4582.0
22,r1,r2,r4,r6,0.4178217821782178,0.2886688668866887,0.2935093509350935,4545.0
23,r0,r3,r4,r6,0.33778668448007126,0.32709864172790026,0.33511467379202853,4491.0
24,r1,r3,r4,r6,0.33592362344582594,0.3243783303730018,0.3396980461811723,4504.0
25,r2,r3,r4,r6,0.3292492760080196,0.3359322789039875,0.33481844508799286,4489.0
26,r0,r1,r5,r6,0.5122791900043084,0.24816889271865575,0.23955191727703576,4642.0
27,r0,r2,r5,r6,0.4247020585048754,0.2905742145178765,0.2847237269772481,4615.0
28,r1,r2,r5,r6,0.4296536796536797,0.282034632034632,0.2883116883116883,4620.0
29,r0,r3,r5,r6,0.34971226206285966,0.3244798583444002,0.32580787959274016,4518.0
30,r1,r3,r5,r6,0.34790248188007905,0.31561607731166264,0.3364814408082583,4553.0
31,r2,r3,r5,r6,0.3411297440423654,0.32171226831421007,0.33715798764342453,4532.0
32,r0,r4,r5,r6,0.3326719576719577,0.33289241622574955,0.33443562610229277,4536.0
33,r1,r4,r5,r6,0.3407099035933392,0.3209903593339176,0.3382997370727432,4564.0
34,r2,r4,r5,r6,0.336930191587756,0.33032371724289805,0.33274609116934595,4541.0
35,r3,r4,r5,r6,0.33784683684794675,0.3247502774694784,0.3374028856825749,4505.0
36,r0,r1,r2,r7,0.4234291799787007,0.2869009584664537,0.2896698615548456,4695.0
37,r0,r1,r3,r7,0.5037788814510905,0.24811055927445477,0.24811055927445477,4631.0
38,r0,r2,r3,r7,0.4087241003271538,0.29422028353326063,0.2970556161395856,4585.0
39,r1,r2,r3,r7,0.41131830008673026,0.29444926279271466,0.2942324371205551,4612.0
40,r0,r1,r4,r7,0.5063427219952699,0.25134379703289617,0.24231348097183403,4651.0
41,r0,r2,r4,r7,0.42216930071444037,0.2825286858627409,0.2953020134228188,4619.0
42,r1,r2,r4,r7,0.4238870792616721,0.2755700325732899,0.300542888165038,4605.0
43,r0,r3,r4,r7,0.3353135313531353,0.3265126512651265,0.3381738173817382,4545.0
44,r1,r3,r4,r7,0.33421226104152935,0.3216875411997363,0.34410019775873435,4551.0
45,r2,r3,r4,r7,0.33749726057418367,0.3320184089414859,0.33048433048433046,4563.0
46,r0,r1,r5,r7,0.514853601196837,0.24962598845907244,0.23552041034409063,4679.0
47,r0,r2,r5,r7,0.4232997210898949,0.29285561038403773,0.2838446685260674,4661.0
48,r1,r2,r5,r7,0.42558690501830715,0.2823605427525307,0.29205255222916215,4643.0
49,r0,r3,r5,r7,0.34498579855800743,0.32663316582914576,0.3283810356128468,4577.0
50,r1,r3,r5,r7,0.3502284098324995,0.31651076789210353,0.333260822275397,4597.0
51,r2,r3,r5,r7,0.34585152838427946,0.32074235807860263,0.3334061135371179,4580.0
52,r0,r4,r5,r7,0.3329699084169211,0.33253379851722636,0.3344962930658526,4586.0
53,r1,r4,r5,r7,0.33159041394335514,0.3291938997821351,0.3392156862745098,4590.0
54,r2,r4,r5,r7,0.34108695652173915,0.3289130434782609,0.33,4600.0
55,r3,r4,r5,r7,0.3370811287477954,0.33487654320987653,0.328042328042328,4536.0
56,r0,r1,r6,r7,0.5758679811401629,0.2126018002571796,0.21153021860265753,4666.0
57,r0,r2,r6,r7,0.5051260145237079,0.24284493806065785,0.25202904741563437,4682.0
58,r1,r2,r6,r7,0.5056684491978609,0.2427807486631016,0.2515508021390374,4675.0
59,r0,r3,r6,r7,0.43646288209606987,0.2740174672489083,0.28951965065502183,4580.0
60,r1,r3,r6,r7,0.4398430688753269,0.27266782911944204,0.28748910200523103,4588.0
61,r2,r3,r6,r7,0.4357298474945534,0.28017429193899784,0.2840958605664488,4590.0
62,r0,r4,r6,r7,0.42645778938207135,0.2830722367275892,0.2904699738903394,4596.0
63,r1,r4,r6,r7,0.42348832132722114,0.2874918140144073,0.28901986465837154,4581.0
64,r2,r4,r6,r7,0.43680419122462344,0.2872735210652696,0.27592228771010696,4581.0
65,r3,r4,r6,r7,0.4387532693984307,0.2881429816913688,0.2731037489102005,4588.0
66,r0,r5,r6,r7,0.42718864271886425,0.28543772854377286,0.2873736287373629,4649.0
67,r1,r5,r6,r7,0.4161824833225737,0.2862061545082849,0.29761136216914136,4647.0
68,r2,r5,r6,r7,0.42634315424610053,0.2850953206239168,0.2885615251299827,4616.0
69,r3,r5,r6,r7,0.4320693391115926,0.29100758396533044,0.27692307692307694,4615.0
70,r4,r5,r6,r7,0.4307826466099847,0.2803575321560933,0.28885982123392195,4587.0
