qind,t1,t2,t3,t4,CF12_34,CF13_24,CF14_23,ngenes
1,r0,r1,r2,r3,0.4278497693828245,0.28772238084779267,0.28442784976938285,4553.0
2,r0,r1,r2,r4,0.43194874060981,0.2832523199292974,0.28479893946089263,4526.0
3,r0,r1,r3,r4,0.5129971117529438,0.24350144412352812,0.24350144412352812,4501.0
4,r0,r2,r3,r4,0.4150605109816226,0.29403854773644106,0.29090094128193633,4462.0
5,r1,r2,r3,r4,0.4119900833896777,0.29411764705882354,0.2938922695514988,4437.0
6,r0,r1,r2,r5,0.43112188670927926,0.28499008155168615,0.2838880317390346,4537.0
7,r0,r1,r3,r5,0.5058693244739756,0.24673311184939092,0.24739756367663343,4515.0
8,r0,r2,r3,r5,0.4118301089615299,0.289081609962197,0.29908828107627305,4497.0
9,r1,r2,r3,r5,0.41194898187513984,0.294473036473484,0.29357798165137616,4469.0
10,r0,r1,r4,r5,0.5093002657218778,0.24601417183348095,0.24468556244464126,4516.0
11,r0,r2,r4,r5,0.41306286223807404,0.28979045920642,0.297146678555506,4486.0
12,r1,r2,r4,r5,0.41527126590756863,0.2924759991069435,0.2922527349854878,4479.0
13,r0,r3,r4,r5,0.34154688569472963,0.3185033082363678,0.33994980606890257,4383.0
14,r1,r3,r4,r5,0.3399683329563447,0.3232300384528387,0.3368016285908166,4421.0
15,r2,r3,r4,r5,0.3348395842747402,0.3282873926796204,0.33687302304563943,4426.0
16,r0,r1,r2,r6,0.43079922027290446,0.28893220706086203,0.2802685726662335,4617.0
17,r0,r1,r3,r6,0.5079021433210652,0.2463736739554016,0.24572418272353322,4619.0
18,r0,r2,r3,r6,0.41258436751578487,0.2950141519703897,0.29240148051382536,4593.0
19,r1,r2,r3,r6,0.40885072655217963,0.29260237780713344,0.2985468956406869,4542.0
20,r0,r1,r4,r6,0.5126859142607174,0.2440944881889764,0.2432195975503062,4572.0
21,r0,r2,r4,r6,0.41553906591008294,0.2872108249672632,0.29725010912265387,4582.0
22,r1,r2,r4,r6,0.41505281690140844,0.2876320422535211,0.29731514084507044,4544.0
23,r0,r3,r4,r6,0.33755555555555555,0.3313333333333333,0.33111111111111113,4500.0
24,r1,r3,r4,r6,0.3415665331553182,0.32398753894080995,0.33444592790387184,4494.0
25,r2,r3,r4,r6,0.33488166334881664,0.32890953328909533,0.336208803362088,4521.0
26,r0,r1,r5,r6,0.5177521237203224,0.24221302548464388,0.24003485079503376,4591.0
27,r0,r2,r5,r6,0.42744755244755245,0.28780594405594406,0.2847465034965035,4576.0
28,r1,r2,r5,r6,0.42623665286554807,0.28568315537154065,0.28808019176291133,4589.0
29,r0,r3,r5,r6,0.34694327962922095,0.33215625689693223,0.3209004634738468,4531.0
30,r1,r3,r5,r6,0.3448884963568117,0.32391256347979686,0.33119894016339146,4529.0
31,r2,r3,r5,r6,0.34309623430962344,0.32834177493944067,0.3285619907509359,4541.0
32,r0,r4,r5,r6,0.3340008900756564,0.33288829550511795,0.33311081441922563,4494.0
33,r1,r4,r5,r6,0.3370386838594931,0.32792352156514004,0.3350377945753668,4498.0
34,r2,r4,r5,r6,0.3402608887906257,0.32412115852310414,0.33561795268627015,4523.0
35,r3,r4,r5,r6,0.33666889037135866,0.32621747831887926,0.3371136313097621,4497.0
36,r0,r1,r2,r7,0.4351951692904895,0.2870390338580979,0.27776579685141256,4637.0
37,r0,r1,r3,r7,0.5080051925573345,0.2449156209433146,0.24707918649935093,4622.0
38,r0,r2,r3,r7,0.41549448171391473,0.2962562215970569,0.2882492966890283,4621.0
39,r1,r2,r3,r7,0.41473546130301703,0.2968954962833406,0.2883690424136423,4574.0
40,r0,r1,r4,r7,0.5109000647528599,0.24973019641700842,0.23936973883013166,4633.0
41,r0,r2,r4,r7,0.4126434293137043,0.2953020134228188,0.29205455726347695,4619.0
42,r1,r2,r4,r7,0.41125353030632195,0.2937214859873995,0.2950249837062785,4603.0
43,r0,r3,r4,r7,0.33055494626014476,0.33494187321781094,0.3345031805220443,4559.0
44,r1,r3,r4,r7,0.333553500660502,0.33575517393218846,0.33069132540730956,4542.0
45,r2,r3,r4,r7,0.3242417630373118,0.33427885664411955,0.3414793803185686,4583.0
46,r0,r1,r5,r7,0.5202249621457927,0.24832359939433268,0.23145143845987454,4623.0
47,r0,r2,r5,r7,0.4225687675980074,0.298029023175222,0.2794022092267706,4617.0
48,r1,r2,r5,r7,0.4224864864864865,0.28843243243243244,0.2890810810810811,4625.0
49,r0,r3,r5,r7,0.35064650449265833,0.33903133903133903,0.31032215647600264,4563.0
50,r1,r3,r5,r7,0.3485676798600481,0.32866827028209056,0.32276404985786133,4573.0
51,r2,r3,r5,r7,0.34029136768862794,0.33224614046531853,0.32746249184605347,4599.0
52,r0,r4,r5,r7,0.33727810650887574,0.3326758711374096,0.33004602235371466,4563.0
53,r1,r4,r5,r7,0.3350831146106737,0.3304899387576553,0.33442694663167105,4572.0
54,r2,r4,r5,r7,0.340327868852459,0.31956284153005465,0.3401092896174863,4575.0
55,r3,r4,r5,r7,0.3462464434230685,0.32063908951630554,0.333114467060626,4569.0
56,r0,r1,r6,r7,0.5853187379265937,0.20798454603992272,0.20669671603348358,4659.0
57,r0,r2,r6,r7,0.5026875940657923,0.25241883465921305,0.24489357127499461,4651.0
58,r1,r2,r6,r7,0.5037707390648567,0.2553329023917259,0.24089635854341737,4641.0
59,r0,r3,r6,r7,0.43756809762475485,0.2791457833950752,0.28328611898017,4589.0
60,r1,r3,r6,r7,0.4388111888111888,0.28125,0.2799388111888112,4576.0
61,r2,r3,r6,r7,0.43538158757926965,0.277279685108244,0.28733872731248633,4573.0
62,r0,r4,r6,r7,0.4335436154013487,0.27583206438981944,0.29062432020883183,4597.0
63,r1,r4,r6,r7,0.4287584551603753,0.2810386209906175,0.2902029238490072,4583.0
64,r2,r4,r6,r7,0.43179824561403507,0.2719298245614035,0.2962719298245614,4560.0
65,r3,r4,r6,r7,0.43374808993669506,0.2781052172014844,0.28814669286182054,4581.0
66,r0,r5,r6,r7,0.4320017463435931,0.2820344902859638,0.28596376337044316,4581.0
67,r1,r5,r6,r7,0.42403677758318736,0.2874343257443082,0.28852889667250436,4568.0
68,r2,r5,r6,r7,0.42660850599781897,0.2787350054525627,0.29465648854961835,4585.0
69,r3,r5,r6,r7,0.42443379790940766,0.2854965156794425,0.29006968641114983,4592.0
70,r4,r5,r6,r7,0.4246605343845817,0.2853701270258432,0.28996933858957513,4566.0
