qind,t1,t2,t3,t4,CF12_34,CF13_24,CF14_23,ngenes
1,r0,r1,r2,r3,0.4242692648361382,0.28055801594331264,0.29517271922054916,4516.0
2,r0,r1,r2,r4,0.42926292629262924,0.28602860286028603,0.2847084708470847,4545.0
3,r0,r1,r3,r4,0.5053097345132743,0.2584070796460177,0.23628318584070795,4520.0
4,r0,r2,r3,r4,0.4248587570621469,0.2937853107344633,0.28135593220338984,4425.0
5,r1,r2,r3,r4,0.4229552643470402,0.2842295526434704,0.2928151830094894,4426.0
6,r0,r1,r2,r5,0.4252469813391877,0.2864983534577388,0.2882546652030735,4555.0
7,r0,r1,r3,r5,0.5069063801797852,0.2538916904187678,0.23920192940144705,4561.0
8,r0,r2,r3,r5,0.41737382760160785,0.2916480571683787,0.2909781152300134,4478.0
9,r1,r2,r3,r5,0.42707870164517564,0.2816807469986661,0.2912405513561583,4498.0
10,r0,r1,r4,r5,0.5076956904133685,0.24164467897977132,0.25065963060686014,4548.0
11,r0,r2,r4,r5,0.42755397284665037,0.27798798130425106,0.29445804584909857,4493.0
12,r1,r2,r4,r5,0.4295272078501338,0.28501338090990186,0.2854594112399643,4484.0
13,r0,r3,r4,r5,0.33543875479359353,0.33340852695691403,0.33115271824949244,4433.0
14,r1,r3,r4,r5,0.32315293060857847,0.3453851336177858,0.33146193577363575,4453.0
15,r2,r3,r4,r5,0.335514440433213,0.335514440433213,0.328971119133574,4432.0
16,r0,r1,r2,r6,0.4192990047598442,0.28515794028559066,0.2955430549545651,4622.0
17,r0,r1,r3,r6,0.5076120052196608,0.2507612005219661,0.24162679425837322,4598.0
18,r0,r2,r3,r6,0.41944751381215467,0.28928176795580113,0.2912707182320442,4525.0
19,r1,r2,r3,r6,0.431359649122807,0.27785087719298246,0.29078947368421054,4560.0
20,r0,r1,r4,r6,0.5120468851747341,0.23920121554156717,0.24875189928369873,4607.0
21,r0,r2,r4,r6,0.4269761331289687,0.27961462666958614,0.29340924020144515,4567.0
22,r1,r2,r4,r6,0.42464850615114236,0.2844903339191564,0.29086115992970124,4552.0
23,r0,r3,r4,r6,0.3364024253312374,0.32854255558050754,0.33505501908825513,4453.0
24,r1,r3,r4,r6,0.32703423743886173,0.3403734993330369,0.33259226322810137,4498.0
25,r2,r3,r4,r6,0.32880071333036115,0.3417298261257245,0.3294694605439144,4486.0
26,r0,r1,r5,r6,0.5116479723899914,0.24201898188093185,0.2463330457290768,4636.0
27,r0,r2,r5,r6,0.42719930146256274,0.2829076620825147,0.2898930364549225,4581.0
28,r1,r2,r5,r6,0.4328683522231909,0.28378378378378377,0.2833478639930253,4588.0
29,r0,r3,r5,r6,0.3403500997119433,0.3226235320186129,0.3370263682694438,4513.0
30,r1,r3,r5,r6,0.3257659246197928,0.32973330394533834,0.34450077143486885,4537.0
31,r2,r3,r5,r6,0.32963620230700974,0.32852706299911266,0.34183673469387754,4508.0
32,r0,r4,r5,r6,0.33561946902654866,0.32787610619469026,0.3365044247787611,4520.0
33,r1,r4,r5,r6,0.33714537057400484,0.3241697822740268,0.33868484715196834,4547.0
34,r2,r4,r5,r6,0.3430721558211598,0.32602921646746347,0.33089862771137674,4518.0
35,r3,r4,r5,r6,0.3330378905384445,0.33636162198094394,0.33060048748061155,4513.0
36,r0,r1,r2,r7,0.42657493012255426,0.285960008600301,0.2874650612771447,4651.0
37,r0,r1,r3,r7,0.5072992700729927,0.25719192786603695,0.23550880206097038,4658.0
38,r0,r2,r3,r7,0.4189307624890447,0.29316389132340054,0.28790534618755476,4564.0
39,r1,r2,r3,r7,0.42330351298276236,0.2810386209906175,0.29565786602662014,4583.0
40,r0,r1,r4,r7,0.5088629485516645,0.24427150886294854,0.24686554258538695,4626.0
41,r0,r2,r4,r7,0.42959582790091266,0.2803129074315515,0.2900912646675359,4602.0
42,r1,r2,r4,r7,0.4256432621020497,0.2832533798517226,0.29110335804622767,4586.0
43,r0,r3,r4,r7,0.3377425044091711,0.330026455026455,0.3322310405643739,4536.0
44,r1,r3,r4,r7,0.31788369042413644,0.3417140358548317,0.34040227372103193,4574.0
45,r2,r3,r4,r7,0.3296557811120918,0.3380406001765225,0.3323036187113857,4532.0
46,r0,r1,r5,r7,0.5116080937167199,0.24366347177848774,0.24472843450479234,4695.0
47,r0,r2,r5,r7,0.42690563593176417,0.2925933923558627,0.28050097171237315,4631.0
48,r1,r2,r5,r7,0.4381465517241379,0.28620689655172415,0.27564655172413793,4640.0
49,r0,r3,r5,r7,0.34043478260869564,0.33217391304347826,0.3273913043478261,4600.0
50,r1,r3,r5,r7,0.3284971849285405,0.33369423993070596,0.3378085751407536,4618.0
51,r2,r3,r5,r7,0.3408493870402802,0.3266199649737303,0.33253064798598947,4568.0
52,r0,r4,r5,r7,0.32657068062827227,0.3390052356020942,0.3344240837696335,4584.0
53,r1,r4,r5,r7,0.33369541603302194,0.33174016945470347,0.3345644145122746,4603.0
54,r2,r4,r5,r7,0.3414154652686763,0.3239405854084753,0.3346439493228484,4578.0
55,r3,r4,r5,r7,0.33551626282471075,0.33573455577384853,0.3287491814014407,4581.0
56,r0,r1,r6,r7,0.5876442924326636,0.20949123557075675,0.20286447199657973,4678.0
57,r0,r2,r6,r7,0.5204324324324324,0.24583783783783783,0.23372972972972972,4625.0
58,r1,r2,r6,r7,0.5227223777729916,0.24186948093904803,0.23540814128796037,4643.0
59,r0,r3,r6,r7,0.43475409836065576,0.28852459016393445,0.27672131147540985,4575.0
60,r1,r3,r6,r7,0.4215814766273482,0.291393621668851,0.2870249017038008,4578.0
61,r2,r3,r6,r7,0.43740407805305853,0.2819557114667836,0.28064021048015786,4561.0
62,r0,r4,r6,r7,0.42925555071832827,0.29059643012625164,0.2801480191554201,4594.0
63,r1,r4,r6,r7,0.4364030335861322,0.28515709642470205,0.27843986998916576,4615.0
64,r2,r4,r6,r7,0.4477968309094856,0.27371391360972436,0.2784892554807901,4607.0
65,r3,r4,r6,r7,0.4316797214969539,0.27980852915578763,0.2885117493472585,4596.0
66,r0,r5,r6,r7,0.4279532669839896,0.29013414106447427,0.2819125919515361,4622.0
67,r1,r5,r6,r7,0.42755344418052255,0.2865471820341179,0.2858993737853595,4631.0
68,r2,r5,r6,r7,0.43557483731019525,0.27570498915401304,0.28872017353579177,4610.0
69,r3,r5,r6,r7,0.4340277777777778,0.2858072916666667,0.2801649305555556,4608.0
70,r4,r5,r6,r7,0.4341962149227757,0.2821405264302806,0.28366325864694364,4597.0
