qind,t1,t2,t3,t4,CF12_34,CF13_24,CF14_23,ngenes
1,r0,r1,r2,r3,0.4271866049790703,0.2694426085040758,0.30337078651685395,4539.0
2,r0,r1,r2,r4,0.42752982766239506,0.27551922227132125,0.2969509500662837,4526.0
3,r0,r1,r3,r4,0.5119469026548673,0.24557522123893805,0.2424778761061947,4520.0
4,r0,r2,r3,r4,0.42258282623394183,0.2835249042145594,0.2938922695514988,4437.0
5,r1,r2,r3,r4,0.4368231046931408,0.2736913357400722,0.289485559566787,4432.0
6,r0,r1,r2,r5,0.4287912087912088,0.2804395604395604,0.2907692307692308,4550.0
7,r0,r1,r3,r5,0.5107597716293368,0.2520860781730347,0.23715415019762845,4554.0
8,r0,r2,r3,r5,0.4162594402487783,0.2923145268769436,0.2914260328742781,4502.0
9,r1,r2,r3,r5,0.4379172229639519,0.27303070761014686,0.2890520694259012,4494.0
10,r0,r1,r4,r5,0.5069124423963134,0.2477507131885012,0.24533684441518544,4557.0
11,r0,r2,r4,r5,0.4214158504007124,0.29986642920747997,0.27871772039180764,4492.0
12,r1,r2,r4,r5,0.433547814510761,0.2857776791657422,0.2806745063234968,4507.0
13,r0,r3,r4,r5,0.336880235453928,0.33438985736925514,0.3287299071768168,4417.0
14,r1,r3,r4,r5,0.3286131714992133,0.33243425488873907,0.33895257361204767,4449.0
15,r2,r3,r4,r5,0.3357548240635641,0.3246311010215664,0.33961407491486945,4405.0
16,r0,r1,r2,r6,0.43137254901960786,0.28431372549019607,0.28431372549019607,4590.0
17,r0,r1,r3,r6,0.5012027115678985,0.2578176251913405,0.24097966324076098,4573.0
18,r0,r2,r3,r6,0.4091108190976785,0.30223390275952694,0.28865527814279457,4566.0
19,r1,r2,r3,r6,0.4225600352500551,0.2846441947565543,0.29279576999339063,4539.0
20,r0,r1,r4,r6,0.5110677083333334,0.24869791666666666,0.240234375,4608.0
21,r0,r2,r4,r6,0.41653871463040143,0.30467207720991446,0.27878920815968417,4559.0
22,r1,r2,r4,r6,0.42957901697156714,0.29005951068988317,0.2803614723385497,4537.0
23,r0,r3,r4,r6,0.3334081220551941,0.3352030513798519,0.331388826564954,4457.0
24,r1,r3,r4,r6,0.32601389200089625,0.3275823437149899,0.34640376428411385,4463.0
25,r2,r3,r4,r6,0.33668678739101277,0.31388329979879276,0.3494299128101945,4473.0
26,r0,r1,r5,r6,0.5169382504288165,0.245926243567753,0.23713550600343053,4664.0
27,r0,r2,r5,r6,0.4285404937202252,0.29038544824599394,0.2810740580337809,4618.0
28,r1,r2,r5,r6,0.4357517482517482,0.2843094405594406,0.2799388111888112,4576.0
29,r0,r3,r5,r6,0.3476923076923077,0.3252747252747253,0.327032967032967,4550.0
30,r1,r3,r5,r6,0.33494505494505494,0.32351648351648354,0.3415384615384615,4550.0
31,r2,r3,r5,r6,0.3462811741337453,0.31516221584639154,0.33855661001986315,4531.0
32,r0,r4,r5,r6,0.3462132921174652,0.32567895782733497,0.3281077500551998,4529.0
33,r1,r4,r5,r6,0.33634759594177327,0.3248786943096603,0.3387737097485664,4534.0
34,r2,r4,r5,r6,0.3320061933200619,0.32537049325370493,0.34262331342623314,4521.0
35,r3,r4,r5,r6,0.3471111111111111,0.3268888888888889,0.326,4500.0
36,r0,r1,r2,r7,0.42779705117085864,0.2792714657415438,0.2929314830875976,4612.0
37,r0,r1,r3,r7,0.5058089500860585,0.2504302925989673,0.24376075731497418,4648.0
38,r0,r2,r3,r7,0.4118666089216111,0.3007795582503248,0.2873538328280641,4618.0
39,r1,r2,r3,r7,0.4307458143074581,0.28397477712546204,0.2852794085670798,4599.0
40,r0,r1,r4,r7,0.5065633742199268,0.2463955239939746,0.24704110178609856,4647.0
41,r0,r2,r4,r7,0.41379310344827586,0.3040555194101063,0.28215137714161787,4611.0
42,r1,r2,r4,r7,0.4361771765219289,0.28518437704560334,0.2786384464324678,4583.0
43,r0,r3,r4,r7,0.3334797891036907,0.32666959578207383,0.3398506151142355,4552.0
44,r1,r3,r4,r7,0.3274647887323944,0.3265845070422535,0.3459507042253521,4544.0
45,r2,r3,r4,r7,0.3327433628318584,0.32101769911504424,0.34623893805309736,4520.0
46,r0,r1,r5,r7,0.5201535508637236,0.24312220089571338,0.236724248240563,4689.0
47,r0,r2,r5,r7,0.42449773169151006,0.2935839274141283,0.28191834089436163,4629.0
48,r1,r2,r5,r7,0.43513921864882366,0.28296999784157134,0.281890783509605,4633.0
49,r0,r3,r5,r7,0.3447673148350448,0.32772558444395894,0.32750710072099626,4577.0
50,r1,r3,r5,r7,0.33960201180844085,0.3288869451126175,0.33151104307894164,4573.0
51,r2,r3,r5,r7,0.3398607484769365,0.3237597911227154,0.3363794604003481,4596.0
52,r0,r4,r5,r7,0.3364014902476441,0.3302651764190226,0.3333333333333333,4563.0
53,r1,r4,r5,r7,0.3401271093578786,0.3278544817006355,0.3320184089414859,4563.0
54,r2,r4,r5,r7,0.3311461067366579,0.3296150481189851,0.339238845144357,4572.0
55,r3,r4,r5,r7,0.35116022099447514,0.32795580110497236,0.3208839779005525,4525.0
56,r0,r1,r6,r7,0.5845205188177759,0.1996597916223687,0.21581968955985542,4703.0
57,r0,r2,r6,r7,0.5015021459227468,0.24678111587982832,0.2517167381974249,4660.0
58,r1,r2,r6,r7,0.5089574789553205,0.24994603928340167,0.2410964817612778,4633.0
59,r0,r3,r6,r7,0.43529411764705883,0.28278867102396515,0.281917211328976,4590.0
60,r1,r3,r6,r7,0.42342145510159496,0.29560847716845096,0.28097006772995414,4577.0
61,r2,r3,r6,r7,0.4313468674961799,0.2833442479807902,0.2853088845230299,4581.0
62,r0,r4,r6,r7,0.4286025724874646,0.2838456507521256,0.2875517767604098,4587.0
63,r1,r4,r6,r7,0.4220223733274841,0.29392410616363235,0.28405352050888355,4559.0
64,r2,r4,r6,r7,0.414094987962355,0.29678266579120155,0.2891223462464434,4569.0
65,r3,r4,r6,r7,0.4375,0.2840909090909091,0.2784090909090909,4576.0
66,r0,r5,r6,r7,0.42375081116158336,0.28163530175210905,0.2946138870863076,4623.0
67,r1,r5,r6,r7,0.41899563318777294,0.2934497816593886,0.28755458515283844,4580.0
68,r2,r5,r6,r7,0.41100043308791684,0.2877869207449112,0.3012126461671719,4618.0
69,r3,r5,r6,r7,0.4213850174216028,0.28810975609756095,0.2905052264808362,4592.0
70,r4,r5,r6,r7,0.4196584938704028,0.2821803852889667,0.29816112084063046,4568.0
