qind,t1,t2,t3,t4,CF12_34,CF13_24,CF14_23,ngenes
1,r0,r1,r2,r3,0.42838225557272125,0.28492606488633854,0.2866916795409402,4531.0
2,r0,r1,r2,r4,0.43364981232060057,0.2729079266946346,0.29344226098476484,4529.0
3,r0,r1,r3,r4,0.5222591362126245,0.2327796234772979,0.24496124031007752,4515.0
4,r0,r2,r3,r4,0.4361253054876694,0.28149300155520995,0.2823816929571206,4501.0
5,r1,r2,r3,r4,0.4359316011547857,0.2860315345325339,0.27803686431268043,4503.0
6,r0,r1,r2,r5,0.42916484477481415,0.28465238303454304,0.28618277219064275,4574.0
7,r0,r1,r3,r5,0.5167220376522702,0.24429678848283498,0.23898117386489479,4515.0
8,r0,r2,r3,r5,0.4222024074899688,0.2891217119928667,0.28867588051716453,4486.0
9,r1,r2,r3,r5,0.4178341116299755,0.28619079386257507,0.2959750945074494,4497.0
10,r0,r1,r4,r5,0.5185755111013409,0.24906572873158936,0.2323587601670697,4549.0
11,r0,r2,r4,r5,0.43380218798839026,0.2904666220138424,0.27573118999776736,4479.0
12,r1,r2,r4,r5,0.437569552637436,0.27843311818384153,0.28399732917872245,4493.0
13,r0,r3,r4,r5,0.336117381489842,0.3293453724604966,0.3345372460496614,4430.0
14,r1,r3,r4,r5,0.34150731158605174,0.3156355455568054,0.34285714285714286,4445.0
15,r2,r3,r4,r5,0.34269662921348315,0.31842696629213485,0.338876404494382,4450.0
16,r0,r1,r2,r6,0.43480138169257343,0.2810880829015544,0.28411053540587217,4632.0
17,r0,r1,r3,r6,0.5213990875515968,0.240495329133174,0.23810558331522919,4603.0
18,r0,r2,r3,r6,0.42316112084063046,0.2913747810858144,0.28546409807355516,4568.0
19,r1,r2,r3,r6,0.4264705882352941,0.2833625987708516,0.2901668129938543,4556.0
20,r0,r1,r4,r6,0.5227864583333334,0.2443576388888889,0.2328559027777778,4608.0
21,r0,r2,r4,r6,0.43160428977894505,0.2856204858831254,0.2827752243379295,4569.0
22,r1,r2,r4,r6,0.43502202643171806,0.2757709251101322,0.28920704845814976,4540.0
23,r0,r3,r4,r6,0.3304367201426025,0.33377896613190733,0.33578431372549017,4488.0
24,r1,r3,r4,r6,0.33110218652387324,0.3313253012048193,0.33757251227130747,4482.0
25,r2,r3,r4,r6,0.32795580110497236,0.33502762430939226,0.3370165745856354,4525.0
26,r0,r1,r5,r6,0.524558380008617,0.23545885394226626,0.23998276604911675,4642.0
27,r0,r2,r5,r6,0.4309138609532138,0.28268473983384346,0.2864013992129427,4574.0
28,r1,r2,r5,r6,0.4335971855760774,0.2832014072119613,0.2832014072119613,4548.0
29,r0,r3,r5,r6,0.3435131520285332,0.3243423985733393,0.3321444493981275,4486.0
30,r1,r3,r5,r6,0.3365810451727192,0.32905225863596105,0.33436669619131976,4516.0
31,r2,r3,r5,r6,0.3446969696969697,0.32754010695187163,0.32776292335115864,4488.0
32,r0,r4,r5,r6,0.3412574983337036,0.32081759608975785,0.33792490557653854,4501.0
33,r1,r4,r5,r6,0.32926558686487684,0.332149988906146,0.33858442422897717,4507.0
34,r2,r4,r5,r6,0.3336279275298277,0.3285461776403005,0.33782589482987185,4526.0
35,r3,r4,r5,r6,0.34126807563959954,0.32191323692992213,0.3368186874304783,4495.0
36,r0,r1,r2,r7,0.4349036402569593,0.27880085653104925,0.28629550321199143,4670.0
37,r0,r1,r3,r7,0.5107258938244854,0.24312026002166848,0.24615384615384617,4615.0
38,r0,r2,r3,r7,0.42070915814661736,0.2888840548183598,0.2904067870350228,4597.0
39,r1,r2,r3,r7,0.41993037423846824,0.2919930374238468,0.28807658833768496,4596.0
40,r0,r1,r4,r7,0.5169436650118714,0.24800345348586228,0.23505288150226636,4633.0
41,r0,r2,r4,r7,0.43143230300391816,0.2890727035263387,0.27949499346974316,4594.0
42,r1,r2,r4,r7,0.4353043857735108,0.28212960942614007,0.2825660048003491,4583.0
43,r0,r3,r4,r7,0.3305309734513274,0.3256637168141593,0.3438053097345133,4520.0
44,r1,r3,r4,r7,0.34186713749724124,0.3133966011917899,0.3447362613109689,4531.0
45,r2,r3,r4,r7,0.3313674093490607,0.32284840541721277,0.3457841852337265,4578.0
46,r0,r1,r5,r7,0.519879647539222,0.2342574683000215,0.2458628841607565,4653.0
47,r0,r2,r5,r7,0.4342105263157895,0.28106125970664364,0.28472821397756687,4636.0
48,r1,r2,r5,r7,0.4336149014511588,0.29109811565951915,0.2752869828893221,4617.0
49,r0,r3,r5,r7,0.3396971691902567,0.3280667105551898,0.33223612025455346,4557.0
50,r1,r3,r5,r7,0.33930131004366815,0.3318777292576419,0.32882096069868993,4580.0
51,r2,r3,r5,r7,0.3440366972477064,0.3274355613805155,0.3285277413717781,4578.0
52,r0,r4,r5,r7,0.3363416244772177,0.32577591899625796,0.3378824565265243,4543.0
53,r1,r4,r5,r7,0.3216014078310603,0.3374395072591289,0.3409590849098108,4546.0
54,r2,r4,r5,r7,0.3301162535643781,0.3250712875630621,0.3448124588725598,4559.0
55,r3,r4,r5,r7,0.3468715697036224,0.31964873765093305,0.3334796926454446,4555.0
56,r0,r1,r6,r7,0.5957903780068728,0.19609106529209622,0.20811855670103094,4656.0
57,r0,r2,r6,r7,0.5071151358344114,0.24407072013799053,0.2488141440275981,4638.0
58,r1,r2,r6,r7,0.5115825936349859,0.2526520891967958,0.23576531716821822,4619.0
59,r0,r3,r6,r7,0.4282920469361147,0.27357670578009563,0.29813124728378965,4602.0
60,r1,r3,r6,r7,0.4277016742770167,0.2796260056534029,0.2926723200695803,4599.0
61,r2,r3,r6,r7,0.43320984964044457,0.27696665940292003,0.28982349095663545,4589.0
62,r0,r4,r6,r7,0.42521227955584584,0.284345743522752,0.2904419769214021,4593.0
63,r1,r4,r6,r7,0.4158960810215764,0.2939233817701453,0.2901805372082783,4542.0
64,r2,r4,r6,r7,0.4199428947946409,0.28596529760597406,0.294091807599385,4553.0
65,r3,r4,r6,r7,0.4315398075240595,0.29352580927384075,0.27493438320209973,4572.0
66,r0,r5,r6,r7,0.4185540069686411,0.2896341463414634,0.29181184668989546,4592.0
67,r1,r5,r6,r7,0.4254854898538076,0.28802094697796204,0.28649356316823044,4583.0
68,r2,r5,r6,r7,0.4193830671625465,0.287464449792168,0.2931524830452855,4571.0
69,r3,r5,r6,r7,0.4216133942161339,0.2937595129375951,0.2846270928462709,4599.0
70,r4,r5,r6,r7,0.4279151170422227,0.2839641216364034,0.2881207613213739,4571.0
