qind,t1,t2,t3,t4,CF12_34,CF13_24,CF14_23,ngenes
1,r0,r1,r2,r3,0.4322766570605187,0.29439148747506094,0.2733318554644203,4511.0
2,r0,r1,r2,r4,0.4324384291102729,0.2928777457288662,0.2746838251608609,4507.0
3,r0,r1,r3,r4,0.5140767013965861,0.2405231655952117,0.24540013300820218,4511.0
4,r0,r2,r3,r4,0.4308486753480018,0.2846879209699147,0.2844634036820835,4454.0
5,r1,r2,r3,r4,0.41541226690631317,0.2907211862502808,0.29386654684340596,4451.0
6,r0,r1,r2,r5,0.4241486068111455,0.291906236178682,0.2839451570101725,4522.0
7,r0,r1,r3,r5,0.5100375027575557,0.24244429737480697,0.24751819986763732,4533.0
8,r0,r2,r3,r5,0.43032329988851725,0.2836120401337793,0.2860646599777035,4485.0
9,r1,r2,r3,r5,0.41938365341670386,0.2891916033943725,0.29142474318892364,4478.0
10,r0,r1,r4,r5,0.5089069716296459,0.24455685067077193,0.24653617769958214,4547.0
11,r0,r2,r4,r5,0.43692583464037643,0.2789603405780865,0.28411382478153707,4463.0
12,r1,r2,r4,r5,0.424718107450807,0.29582135750608,0.27946053504311297,4523.0
13,r0,r3,r4,r5,0.3264752430477052,0.3377797874745648,0.33574496947773,4423.0
14,r1,r3,r4,r5,0.3325827516325152,0.3343841477144787,0.33303310065300606,4441.0
15,r2,r3,r4,r5,0.33182435491172474,0.3347668628338615,0.3334087822544138,4418.0
16,r0,r1,r2,r6,0.4250108365843086,0.2949718248807976,0.2800173385348938,4614.0
17,r0,r1,r3,r6,0.503818459524329,0.24547239799258128,0.2507091424830897,4583.0
18,r0,r2,r3,r6,0.42122610415293343,0.28301472203911227,0.2957591738079543,4551.0
19,r1,r2,r3,r6,0.40601503759398494,0.2894736842105263,0.30451127819548873,4522.0
20,r0,r1,r4,r6,0.5096341199393808,0.24507469149166486,0.24529118856895432,4619.0
21,r0,r2,r4,r6,0.4293159609120521,0.28773072747014117,0.28295331161780674,4605.0
22,r1,r2,r4,r6,0.420147954743255,0.29308093994778067,0.2867711053089643,4596.0
23,r0,r3,r4,r6,0.33519179304192687,0.3260481712756467,0.3387600356824264,4484.0
24,r1,r3,r4,r6,0.3393898609241813,0.3189771197846568,0.34163301929116197,4458.0
25,r2,r3,r4,r6,0.341696269982238,0.3230461811722913,0.3352575488454707,4504.0
26,r0,r1,r5,r6,0.5106934543097861,0.24173687621516526,0.2475696694750486,4629.0
27,r0,r2,r5,r6,0.43106457242582896,0.2801047120418848,0.28883071553228623,4584.0
28,r1,r2,r5,r6,0.42694164107064503,0.2849934181658622,0.28806494076349276,4558.0
29,r0,r3,r5,r6,0.3433333333333333,0.32466666666666666,0.332,4500.0
30,r1,r3,r5,r6,0.34326367274344155,0.3205869275233437,0.3361493997332148,4498.0
31,r2,r3,r5,r6,0.35095939312806784,0.3192771084337349,0.32976349843819724,4482.0
32,r0,r4,r5,r6,0.341948310139165,0.3225093881157499,0.33554230174508504,4527.0
33,r1,r4,r5,r6,0.34101382488479265,0.3236778582400702,0.3353083168751371,4557.0
34,r2,r4,r5,r6,0.34154387508247197,0.3287882120079173,0.3296679129096107,4547.0
35,r3,r4,r5,r6,0.3453125,0.3352678571428571,0.31941964285714286,4480.0
36,r0,r1,r2,r7,0.42408602150537633,0.3008602150537634,0.2750537634408602,4650.0
37,r0,r1,r3,r7,0.5051724137931034,0.25,0.24482758620689654,4640.0
38,r0,r2,r3,r7,0.4250108365843086,0.28218465539661897,0.2928045080190724,4614.0
39,r1,r2,r3,r7,0.40932982917214195,0.2915024091108191,0.29916776171703896,4566.0
40,r0,r1,r4,r7,0.5084745762711864,0.2525209182578846,0.239004505470929,4661.0
41,r0,r2,r4,r7,0.4371631817201983,0.2810950635912912,0.2817417546885105,4639.0
42,r1,r2,r4,r7,0.4255088783022954,0.28757037678648767,0.286920744911217,4618.0
43,r0,r3,r4,r7,0.33559991226146085,0.3316516779995613,0.33274840973897785,4559.0
44,r1,r3,r4,r7,0.33679558011049726,0.32861878453038673,0.334585635359116,4525.0
45,r2,r3,r4,r7,0.3415168785620342,0.3257343270495397,0.33274879438842614,4562.0
46,r0,r1,r5,r7,0.5111349036402569,0.24753747323340472,0.24132762312633832,4670.0
47,r0,r2,r5,r7,0.4353448275862069,0.2823275862068966,0.2823275862068966,4640.0
48,r1,r2,r5,r7,0.4250968575118381,0.2860525182953078,0.28885062419285407,4646.0
49,r0,r3,r5,r7,0.34185792349726773,0.3289617486338798,0.3291803278688525,4575.0
50,r1,r3,r5,r7,0.3401405357927097,0.3282828282828283,0.331576635924462,4554.0
51,r2,r3,r5,r7,0.34501642935377874,0.3244249726177437,0.33055859802847753,4565.0
52,r0,r4,r5,r7,0.336756993006993,0.33457167832167833,0.32867132867132864,4576.0
53,r1,r4,r5,r7,0.3344262295081967,0.33377049180327867,0.3318032786885246,4575.0
54,r2,r4,r5,r7,0.33427947598253277,0.3347161572052402,0.33100436681222706,4580.0
55,r3,r4,r5,r7,0.34494927216585797,0.33502426113806794,0.3200264666960741,4534.0
56,r0,r1,r6,r7,0.580183642963912,0.21118940849882553,0.20862694853726244,4683.0
57,r0,r2,r6,r7,0.5195387572069187,0.24023062139654067,0.24023062139654067,4683.0
58,r1,r2,r6,r7,0.5073891625615764,0.2460912400942386,0.24651959734418505,4669.0
59,r0,r3,r6,r7,0.4352659110723627,0.28400174367916303,0.2807323452484743,4588.0
60,r1,r3,r6,r7,0.437922758018765,0.2782020510582588,0.2838751909229762,4583.0
61,r2,r3,r6,r7,0.4495114006514658,0.2766558089033659,0.2738327904451683,4605.0
62,r0,r4,r6,r7,0.4339086738038016,0.29386060738474984,0.27223071881144856,4577.0
63,r1,r4,r6,r7,0.4260509692877369,0.2940535830973644,0.2798954476148987,4591.0
64,r2,r4,r6,r7,0.434433347807208,0.2857142857142857,0.2798523664785063,4606.0
65,r3,r4,r6,r7,0.4368995633187773,0.28449781659388645,0.2786026200873362,4580.0
66,r0,r5,r6,r7,0.42996742671009774,0.28859934853420194,0.2814332247557003,4605.0
67,r1,r5,r6,r7,0.4264322916666667,0.2873263888888889,0.2862413194444444,4608.0
68,r2,r5,r6,r7,0.43258426966292135,0.2858686257562662,0.28154710458081245,4628.0
69,r3,r5,r6,r7,0.43130851295449596,0.28608752449379493,0.2826039625517091,4593.0
70,r4,r5,r6,r7,0.42586131705189706,0.28085477540340165,0.29328390754470124,4586.0
