qind,t1,t2,t3,t4,CF12_34,CF13_24,CF14_23,ngenes
1,r0,r1,r2,r3,0.423841059602649,0.28410596026490065,0.29205298013245035,4530.0
2,r0,r1,r2,r4,0.4188861985472155,0.28329297820823246,0.29782082324455206,4543.0
3,r0,r1,r3,r4,0.5035492457852706,0.24755989352262645,0.24889086069210292,4508.0
4,r0,r2,r3,r4,0.411751563896336,0.29267202859696156,0.2955764075067024,4476.0
5,r1,r2,r3,r4,0.41466156959748146,0.29660445243984707,0.2887339779626715,4447.0
6,r0,r1,r2,r5,0.4293859649122807,0.28135964912280703,0.28925438596491226,4560.0
7,r0,r1,r3,r5,0.5028609154929577,0.24537852112676056,0.2517605633802817,4544.0
8,r0,r2,r3,r5,0.42452619843924194,0.28651059085841696,0.28896321070234116,4485.0
9,r1,r2,r3,r5,0.42071269487750557,0.29576837416481067,0.28351893095768377,4490.0
10,r0,r1,r4,r5,0.5007707553402334,0.25214710416207886,0.24708214049768773,4541.0
11,r0,r2,r4,r5,0.41543953592146365,0.2991967871485944,0.28536367692994197,4482.0
12,r1,r2,r4,r5,0.4178005799687709,0.29377648895828684,0.2884229310729422,4483.0
13,r0,r3,r4,r5,0.3264752430477052,0.34071896902554827,0.33280578792674653,4423.0
14,r1,r3,r4,r5,0.3322784810126582,0.33973779385171793,0.32798372513562385,4424.0
15,r2,r3,r4,r5,0.32573877735168055,0.3376945635010151,0.3365666591473043,4433.0
16,r0,r1,r2,r6,0.41820551814034324,0.2893764935911362,0.29241798826852056,4603.0
17,r0,r1,r3,r6,0.5026109660574413,0.2545691906005222,0.24281984334203655,4596.0
18,r0,r2,r3,r6,0.41894876325088337,0.2950530035335689,0.2859982332155477,4528.0
19,r1,r2,r3,r6,0.4217343578485181,0.2880351262349067,0.29023051591657517,4555.0
20,r0,r1,r4,r6,0.5074268239405854,0.24792485801660114,0.24464831804281345,4578.0
21,r0,r2,r4,r6,0.42257851965736876,0.2881616516582473,0.28925982868438394,4553.0
22,r1,r2,r4,r6,0.42216878006121555,0.28880629645824224,0.2890249234805422,4574.0
23,r0,r3,r4,r6,0.33775280898876403,0.3395505617977528,0.32269662921348313,4450.0
24,r1,r3,r4,r6,0.33683035714285714,0.33348214285714284,0.3296875,4480.0
25,r2,r3,r4,r6,0.33127344956963145,0.33877731185168836,0.3299492385786802,4531.0
26,r0,r1,r5,r6,0.5107296137339056,0.25515021459227466,0.23412017167381974,4660.0
27,r0,r2,r5,r6,0.4287278300853952,0.2872783008539523,0.2839938690606525,4567.0
28,r1,r2,r5,r6,0.4213153896244845,0.280876926416323,0.29780768395919255,4607.0
29,r0,r3,r5,r6,0.33970228838035993,0.3328149300155521,0.327482781604088,4501.0
30,r1,r3,r5,r6,0.33826778612461333,0.32346442775077333,0.33826778612461333,4526.0
31,r2,r3,r5,r6,0.33488372093023255,0.3320044296788483,0.33311184939091915,4515.0
32,r0,r4,r5,r6,0.3397150489759573,0.33993766696349065,0.3203472840605521,4492.0
33,r1,r4,r5,r6,0.3402608887906257,0.33097501658191464,0.32876409462745965,4523.0
34,r2,r4,r5,r6,0.3394313422966718,0.33678642274630816,0.3237822349570201,4537.0
35,r3,r4,r5,r6,0.3342151675485009,0.33818342151675485,0.32760141093474426,4536.0
36,r0,r1,r2,r7,0.43530678148546825,0.27922497308934335,0.2854682454251884,4645.0
37,r0,r1,r3,r7,0.503118950311895,0.25295762529576254,0.24392342439234244,4649.0
38,r0,r2,r3,r7,0.41885726699978276,0.3019769715402998,0.27916576145991745,4603.0
39,r1,r2,r3,r7,0.42732621486162564,0.29265635214643715,0.28001743299193727,4589.0
40,r0,r1,r4,r7,0.5080941074897475,0.24131232462767105,0.25059356788258147,4633.0
41,r0,r2,r4,r7,0.41795598169535847,0.29723251252996297,0.28481150577467856,4589.0
42,r1,r2,r4,r7,0.4237658366098733,0.29532546963739625,0.2809086937527305,4578.0
43,r0,r3,r4,r7,0.3326710816777042,0.3443708609271523,0.3229580573951435,4530.0
44,r1,r3,r4,r7,0.33392265193370163,0.3405524861878453,0.32552486187845303,4525.0
45,r2,r3,r4,r7,0.32740447957839264,0.3416776460254721,0.3309178743961353,4554.0
46,r0,r1,r5,r7,0.5165280443591385,0.24397526124973343,0.23949669439112817,4689.0
47,r0,r2,r5,r7,0.4335071707953064,0.29030856149500217,0.27618426770969146,4602.0
48,r1,r2,r5,r7,0.4284176533907427,0.2893433799784715,0.2822389666307858,4645.0
49,r0,r3,r5,r7,0.35294117647058826,0.3277935709599825,0.3192652525694293,4573.0
50,r1,r3,r5,r7,0.35060109289617486,0.3256830601092896,0.32371584699453554,4575.0
51,r2,r3,r5,r7,0.3409886264216973,0.32808398950131235,0.33092738407699035,4572.0
52,r0,r4,r5,r7,0.3507380480282,0.33487552324300507,0.3143864287287949,4539.0
53,r1,r4,r5,r7,0.3518681318681319,0.3323076923076923,0.3158241758241758,4550.0
54,r2,r4,r5,r7,0.3440387153541575,0.32996040475142985,0.3260008798944127,4546.0
55,r3,r4,r5,r7,0.3404767111305489,0.3376339383336978,0.32188935053575335,4573.0
56,r0,r1,r6,r7,0.581063829787234,0.20212765957446807,0.21680851063829787,4700.0
57,r0,r2,r6,r7,0.5113562621674238,0.24594419208306295,0.2426995457495133,4623.0
58,r1,r2,r6,r7,0.5069847410272942,0.25553406404470236,0.23748119492800343,4653.0
59,r0,r3,r6,r7,0.4358581436077058,0.2788966725043783,0.2852451838879159,4568.0
60,r1,r3,r6,r7,0.4321094938083858,0.2824245057571149,0.2854660004344992,4603.0
61,r2,r3,r6,r7,0.4271015761821366,0.28612084063047283,0.28677758318739055,4568.0
62,r0,r4,r6,r7,0.4331293706293706,0.2803758741258741,0.28649475524475526,4576.0
63,r1,r4,r6,r7,0.4371192341166231,0.28655352480417756,0.2763272410791993,4596.0
64,r2,r4,r6,r7,0.4384397472216169,0.2817607321856614,0.27979952059272173,4589.0
65,r3,r4,r6,r7,0.42660550458715596,0.28593272171253825,0.2874617737003058,4578.0
66,r0,r5,r6,r7,0.4300608166811468,0.28822762814943526,0.28171155516941787,4604.0
67,r1,r5,r6,r7,0.42055267702936094,0.30073402417962003,0.27871329879101897,4632.0
68,r2,r5,r6,r7,0.42580925483380405,0.2863349989137519,0.28785574625244403,4603.0
69,r3,r5,r6,r7,0.4275817276466768,0.2911885689543191,0.2812297033990041,4619.0
70,r4,r5,r6,r7,0.4201570680628272,0.28861256544502617,0.2912303664921466,4584.0
