qind,t1,t2,t3,t4,CF12_34,CF13_24,CF14_23,ngenes
1,r0,r1,r2,r3,0.5620391826416684,0.2315146408257847,0.20644617653254688,4747.0
2,r0,r1,r2,r4,0.5480358667805295,0.22993168232280103,0.2220324508966695,4684.0
3,r0,r1,r3,r4,0.554512481331342,0.21271602304245787,0.23277149562620011,4687.0
4,r0,r2,r3,r4,0.33805888767720826,0.31624863685932386,0.3456924754634678,4585.0
5,r1,r2,r3,r4,0.3295528898582334,0.33129770992366414,0.3391494002181025,4585.0
6,r0,r1,r2,r5,0.5430576227939613,0.22942802466510737,0.22751435254093133,4703.0
7,r0,r1,r3,r5,0.5530738140821102,0.21080621144437353,0.23611997447351626,4701.0
8,r0,r2,r3,r5,0.3383376849434291,0.30918189730200174,0.3524804177545692,4596.0
9,r1,r2,r3,r5,0.3352954000436015,0.3224329627207325,0.342271637235666,4587.0
10,r0,r1,r4,r5,0.701941139636819,0.14756835733667292,0.15049050302650804,4791.0
11,r0,r2,r4,r5,0.566694987255735,0.2141036533559898,0.21920135938827529,4708.0
12,r1,r2,r4,r5,0.5663265306122449,0.21683673469387754,0.21683673469387754,4704.0
13,r0,r3,r4,r5,0.5470937632583793,0.2227407721680102,0.23016546457361053,4714.0
14,r1,r3,r4,r5,0.5545184556639796,0.2227407721680102,0.2227407721680102,4714.0
15,r2,r3,r4,r5,0.56217126025668,0.2185987797180728,0.21922996002524722,4753.0
16,r0,r1,r2,r6,0.5549218419940853,0.21588508660752007,0.2291930713983946,4734.0
17,r0,r1,r3,r6,0.554122621564482,0.21078224101479914,0.2350951374207188,4730.0
18,r0,r2,r3,r6,0.3265086206896552,0.32047413793103446,0.35301724137931034,4640.0
19,r1,r2,r3,r6,0.32243395409268083,0.3284971849285405,0.3490688609787787,4618.0
20,r0,r1,r4,r6,0.5625398173709917,0.20513909534933106,0.2323210872796772,4709.0
21,r0,r2,r4,r6,0.34876610613671105,0.32103079274950863,0.3302031011137803,4579.0
22,r1,r2,r4,r6,0.3556384379113646,0.3264589732338745,0.31790258885476086,4558.0
23,r0,r3,r4,r6,0.3453551912568306,0.3189071038251366,0.3357377049180328,4575.0
24,r1,r3,r4,r6,0.3582513661202186,0.3232786885245902,0.31846994535519124,4575.0
25,r2,r3,r4,r6,0.36426863725277114,0.31036731145403174,0.3253640512931971,4601.0
26,r0,r1,r5,r6,0.5667800935772012,0.20991067630795407,0.22330923011484474,4702.0
27,r0,r2,r5,r6,0.35471863367637396,0.33128968688416904,0.313991679439457,4567.0
28,r1,r2,r5,r6,0.36182772190642765,0.32990817665063404,0.30826410144293837,4574.0
29,r0,r3,r5,r6,0.344918609766828,0.322921249450066,0.332160140783106,4546.0
30,r1,r3,r5,r6,0.3576754385964912,0.31666666666666665,0.3256578947368421,4560.0
31,r2,r3,r5,r6,0.36666666666666664,0.29934640522875816,0.33398692810457514,4590.0
32,r0,r4,r5,r6,0.22260055330921472,0.2294105128750798,0.5479889338157055,4699.0
33,r1,r4,r5,r6,0.2299215935579572,0.22737868192413646,0.5426997245179064,4719.0
34,r2,r4,r5,r6,0.22615287428932407,0.2229943145925458,0.5508528111181301,4749.0
35,r3,r4,r5,r6,0.2285473329116593,0.23297491039426524,0.5384777566940755,4743.0
36,r0,r1,r2,r7,0.5541455160744501,0.2256768189509306,0.2201776649746193,4728.0
37,r0,r1,r3,r7,0.5614632071458954,0.20480646533390046,0.23373032752020417,4702.0
38,r0,r2,r3,r7,0.34491746307558646,0.30994787141615987,0.34513466550825367,4604.0
39,r1,r2,r3,r7,0.33676148796498906,0.32866520787746173,0.3345733041575492,4570.0
40,r0,r1,r4,r7,0.5758349287385662,0.21059349074664965,0.2135715805147841,4701.0
41,r0,r2,r4,r7,0.35684464952757633,0.3258624478136673,0.3172929026587563,4551.0
42,r1,r2,r4,r7,0.3556143834105449,0.32759761747187294,0.31678799911758215,4533.0
43,r0,r3,r4,r7,0.3475783475783476,0.33311417926802545,0.319307473153627,4563.0
44,r1,r3,r4,r7,0.35736129314110965,0.3318042813455658,0.3108344255133246,4578.0
45,r2,r3,r4,r7,0.36280288146692863,0.3193625845885178,0.3178345339445536,4581.0
46,r0,r1,r5,r7,0.5668641557342361,0.21688531527719002,0.21625052898857386,4726.0
47,r0,r2,r5,r7,0.35939553219448095,0.3293911519929917,0.31121331581252737,4566.0
48,r1,r2,r5,r7,0.3607817303469477,0.3298199385155907,0.30939833113746157,4554.0
49,r0,r3,r5,r7,0.3366988586479368,0.3399912203687445,0.3233099209833187,4556.0
50,r1,r3,r5,r7,0.3514460999123576,0.33610867659947413,0.3124452234881683,4564.0
51,r2,r3,r5,r7,0.35968552085608213,0.318628521511247,0.3216859576326709,4579.0
52,r0,r4,r5,r7,0.2262133846482788,0.22856531964934787,0.5452212957023733,4677.0
53,r1,r4,r5,r7,0.22660413557876785,0.22639096141547643,0.5470049030057557,4691.0
54,r2,r4,r5,r7,0.2216078264568269,0.22118247554232243,0.5572096980008507,4702.0
55,r3,r4,r5,r7,0.22323125659978882,0.226610348468849,0.5501583949313622,4735.0
56,r0,r1,r6,r7,0.5824013504958853,0.21607934163325596,0.20151930787085884,4739.0
57,r0,r2,r6,r7,0.378781331028522,0.31222990492653413,0.3089887640449438,4628.0
58,r1,r2,r6,r7,0.3773667029379761,0.3099020674646355,0.31273122959738847,4595.0
59,r0,r3,r6,r7,0.36920060988891307,0.32955783053800913,0.30124155957307774,4591.0
60,r1,r3,r6,r7,0.3819640147409495,0.32191632343377413,0.2961196618252764,4613.0
61,r2,r3,r6,r7,0.375324114088159,0.33167675021607607,0.2929991356957649,4628.0
62,r0,r4,r6,r7,0.35849879991272093,0.3296967052149247,0.31180449487235434,4583.0
63,r1,r4,r6,r7,0.3687881429816914,0.3190932868352223,0.3121185701830863,4588.0
64,r2,r4,r6,r7,0.35034904013961604,0.3298429319371728,0.31980802792321117,4584.0
65,r3,r4,r6,r7,0.3485862292251241,0.3166414849989208,0.3347722857759551,4633.0
66,r0,r5,r6,r7,0.3636561954624782,0.3230802792321117,0.31326352530541013,4584.0
67,r1,r5,r6,r7,0.3685583822570124,0.31593824744509674,0.31550337029789083,4599.0
68,r2,r5,r6,r7,0.3458859381802351,0.3330430996952547,0.32107096212451025,4594.0
69,r3,r5,r6,r7,0.35408052230685527,0.30642002176278565,0.3394994559303591,4595.0
70,r4,r5,r6,r7,0.5618806662449927,0.2180054817625975,0.22011385199240988,4743.0
