qind,t1,t2,t3,t4,CF12_34,CF13_24,CF14_23,ngenes
1,r0,r1,r2,r3,0.5546858472604189,0.22826316902898244,0.2170509837105987,4727.0
2,r0,r1,r2,r4,0.5409592529711376,0.2349320882852292,0.22410865874363328,4712.0
3,r0,r1,r3,r4,0.5433354524263615,0.23161686798050435,0.22504767959313413,4719.0
4,r0,r2,r3,r4,0.328481425157506,0.32239843580273736,0.3491201390397567,4603.0
5,r1,r2,r3,r4,0.32153646957272336,0.3163573586534312,0.36210617177384546,4634.0
6,r0,r1,r2,r5,0.5483802667795893,0.23226762650857505,0.2193521067118357,4723.0
7,r0,r1,r3,r5,0.5465851602023609,0.2295531197301855,0.2238617200674536,4744.0
8,r0,r2,r3,r5,0.3288386254893432,0.3305785123966942,0.3405828621139626,4598.0
9,r1,r2,r3,r5,0.32441835181561207,0.3252881061100239,0.350293542074364,4599.0
10,r0,r1,r4,r5,0.6904960400166736,0.1563151313047103,0.15318882867861608,4798.0
11,r0,r2,r4,r5,0.5663829787234043,0.22319148936170213,0.2104255319148936,4700.0
12,r1,r2,r4,r5,0.5609083191850595,0.2232597623089983,0.21583191850594227,4712.0
13,r0,r3,r4,r5,0.5571337714649142,0.2278990884036464,0.21496714013143947,4717.0
14,r1,r3,r4,r5,0.5472457627118644,0.22923728813559321,0.22351694915254236,4720.0
15,r2,r3,r4,r5,0.5722776480577372,0.21184461897686266,0.21587773296540014,4711.0
16,r0,r1,r2,r6,0.5486744432661718,0.2258748674443266,0.2254506892895016,4715.0
17,r0,r1,r3,r6,0.5431418274326902,0.22726309094763622,0.2295950816196735,4717.0
18,r0,r2,r3,r6,0.32368936262780074,0.3254296280182728,0.35088100935392647,4597.0
19,r1,r2,r3,r6,0.32756756756756755,0.32432432432432434,0.3481081081081081,4625.0
20,r0,r1,r4,r6,0.564643237486688,0.20894568690095847,0.22641107561235357,4695.0
21,r0,r2,r4,r6,0.36904761904761907,0.31723985890652556,0.31371252204585537,4536.0
22,r1,r2,r4,r6,0.3663258646943659,0.3282575592777899,0.3054165760278442,4597.0
23,r0,r3,r4,r6,0.35997386759581884,0.3181620209059233,0.32186411149825783,4592.0
24,r1,r3,r4,r6,0.35582954791261084,0.32597880164395415,0.318191650443435,4623.0
25,r2,r3,r4,r6,0.37692809037584185,0.3019769715402998,0.32109493808385836,4603.0
26,r0,r1,r5,r6,0.5703672256421142,0.2065378900445765,0.2230948843133093,4711.0
27,r0,r2,r5,r6,0.37002856515051635,0.3093825532849923,0.32058888156449133,4551.0
28,r1,r2,r5,r6,0.35842059336823734,0.32722513089005234,0.3143542757417103,4584.0
29,r0,r3,r5,r6,0.36006084311169056,0.3109517601043025,0.32898739678400696,4602.0
30,r1,r3,r5,r6,0.3560061042075431,0.32047089601046436,0.3235229997819926,4587.0
31,r2,r3,r5,r6,0.37256176853055917,0.3073255309926311,0.32011270047680973,4614.0
32,r0,r4,r5,r6,0.2337800467985535,0.22718570516911296,0.5390342480323336,4701.0
33,r1,r4,r5,r6,0.22982418979029867,0.23702605380216055,0.5331497564075408,4721.0
34,r2,r4,r5,r6,0.21663851351351351,0.23733108108108109,0.5460304054054054,4736.0
35,r3,r4,r5,r6,0.22972972972972974,0.23416385135135134,0.536106418918919,4736.0
36,r0,r1,r2,r7,0.545031712473573,0.23298097251585623,0.2219873150105708,4730.0
37,r0,r1,r3,r7,0.5373007438894792,0.23336875664187035,0.22933049946865036,4705.0
38,r0,r2,r3,r7,0.3304824561403509,0.3140350877192982,0.3554824561403509,4560.0
39,r1,r2,r3,r7,0.32514670723755706,0.3151488806781135,0.3597044120843295,4601.0
40,r0,r1,r4,r7,0.5596075922371507,0.22051610151418213,0.21987630624866708,4689.0
41,r0,r2,r4,r7,0.36761151395297736,0.3117996044825313,0.32058888156449133,4551.0
42,r1,r2,r4,r7,0.36108084550010894,0.3174983656570059,0.32142078884288516,4589.0
43,r0,r3,r4,r7,0.3579706975727094,0.32188935053575335,0.32013995189153727,4573.0
44,r1,r3,r4,r7,0.35105687513619527,0.32795816081935064,0.32098496404445415,4589.0
45,r2,r3,r4,r7,0.37554300608166813,0.315377932232841,0.3090790616854909,4604.0
46,r0,r1,r5,r7,0.56053525913339,0.21898895497026338,0.22047578589634664,4708.0
47,r0,r2,r5,r7,0.36285902214426663,0.3098004823503618,0.32734049550537164,4561.0
48,r1,r2,r5,r7,0.35509309967141295,0.32245345016429355,0.32245345016429355,4565.0
49,r0,r3,r5,r7,0.3563945875163684,0.3186381492797905,0.3249672632038411,4582.0
50,r1,r3,r5,r7,0.34920288272548594,0.3260537235204193,0.3247433937540948,4579.0
51,r2,r3,r5,r7,0.372310367311454,0.3216692023473158,0.30602043034123017,4601.0
52,r0,r4,r5,r7,0.23129251700680273,0.22555272108843538,0.5431547619047619,4704.0
53,r1,r4,r5,r7,0.22716677262131807,0.22822631913541006,0.5446069082432718,4719.0
54,r2,r4,r5,r7,0.22504767959313413,0.23437168891714347,0.5405806314897224,4719.0
55,r3,r4,r5,r7,0.22637130801687763,0.22932489451476792,0.5443037974683544,4740.0
56,r0,r1,r6,r7,0.5642811906269791,0.2231370065442263,0.2125818028287946,4737.0
57,r0,r2,r6,r7,0.36938110749185665,0.31053203040173727,0.3200868621064061,4605.0
58,r1,r2,r6,r7,0.3602766371298898,0.3127296304300843,0.32699373244002594,4627.0
59,r0,r3,r6,r7,0.3674135305634109,0.31781596693495756,0.3147705025016315,4597.0
60,r1,r3,r6,r7,0.35808903365906625,0.31682953311617806,0.3250814332247557,4605.0
61,r2,r3,r6,r7,0.37280796709244424,0.3210651656202641,0.3061268672872916,4619.0
62,r0,r4,r6,r7,0.34139433551198256,0.3311546840958606,0.32745098039215687,4590.0
63,r1,r4,r6,r7,0.3443894034029722,0.3250053844497092,0.33060521214731853,4643.0
64,r2,r4,r6,r7,0.33622747992185803,0.3364445409159974,0.32732797916214457,4607.0
65,r3,r4,r6,r7,0.34503684438664933,0.3266146510619853,0.3283485045513654,4614.0
66,r0,r5,r6,r7,0.33260822275397,0.3295627583206439,0.33782901892538614,4597.0
67,r1,r5,r6,r7,0.34372969460688757,0.3248862897985705,0.3313840155945419,4617.0
68,r2,r5,r6,r7,0.3432965128871562,0.33506606021225904,0.3216374269005848,4617.0
69,r3,r5,r6,r7,0.3397491349480969,0.32698961937716264,0.33326124567474047,4624.0
70,r4,r5,r6,r7,0.5487341772151899,0.22679324894514769,0.22447257383966246,4740.0
