qind,t1,t2,t3,t4,CF12_34,CF13_24,CF14_23,ngenes
1,r0,r1,r2,r3,0.5799077181208053,0.20889261744966442,0.2111996644295302,4768.0
2,r0,r1,r2,r4,0.5683942225998301,0.21346644010195412,0.2181393372982158,4708.0
3,r0,r1,r3,r4,0.5539401601348504,0.22882427307206069,0.21723556679308892,4746.0
4,r0,r2,r3,r4,0.3122952609740118,0.3278008298755187,0.35990390915046955,4579.0
5,r1,r2,r3,r4,0.3132477702849685,0.32716989340874486,0.3595823363062867,4597.0
6,r0,r1,r2,r5,0.5679324894514768,0.20991561181434598,0.2221518987341772,4740.0
7,r0,r1,r3,r5,0.5587863463969659,0.21702486304256216,0.22418879056047197,4746.0
8,r0,r2,r3,r5,0.31454070526774053,0.3241184153243361,0.36134087940792337,4594.0
9,r1,r2,r3,r5,0.3143914652732419,0.33202699760505117,0.3535815371217069,4593.0
10,r0,r1,r4,r5,0.7054922279792746,0.14031088082901555,0.15419689119170985,4825.0
11,r0,r2,r4,r5,0.5563589961718418,0.21905572096980008,0.22458528285835813,4702.0
12,r1,r2,r4,r5,0.5530238500851788,0.22551107325383304,0.22146507666098808,4696.0
13,r0,r3,r4,r5,0.5516581632653061,0.2191751700680272,0.22916666666666666,4704.0
14,r1,r3,r4,r5,0.555815436955135,0.22900276419306825,0.21518179885179672,4703.0
15,r2,r3,r4,r5,0.5707646810308408,0.21482889733840305,0.21440642163075624,4734.0
16,r0,r1,r2,r6,0.5614995787700084,0.21651221566975568,0.22198820556023588,4748.0
17,r0,r1,r3,r6,0.5608008429926238,0.2221285563751317,0.21707060063224448,4745.0
18,r0,r2,r3,r6,0.32420686657974795,0.3194263363754889,0.35636679704476315,4602.0
19,r1,r2,r3,r6,0.3257216716932357,0.3177509694097372,0.35652735889702714,4642.0
20,r0,r1,r4,r6,0.5838297872340426,0.21148936170212765,0.2046808510638298,4700.0
21,r0,r2,r4,r6,0.35792709705753184,0.32037768994290733,0.32169521299956083,4554.0
22,r1,r2,r4,r6,0.3547252747252747,0.3189010989010989,0.3263736263736264,4550.0
23,r0,r3,r4,r6,0.3659236371661885,0.32641800926947695,0.3076583535643346,4531.0
24,r1,r3,r4,r6,0.36269544153270206,0.322836379652059,0.3144681788152389,4541.0
25,r2,r3,r4,r6,0.3807658833768494,0.31962576153176675,0.29960835509138384,4596.0
26,r0,r1,r5,r6,0.5846611429785425,0.2130868918631825,0.2022519651582749,4707.0
27,r0,r2,r5,r6,0.3604981428883548,0.3253222634913699,0.3141795936202753,4577.0
28,r1,r2,r5,r6,0.3627643339873556,0.3172007848266841,0.3200348811859603,4587.0
29,r0,r3,r5,r6,0.36457873842082045,0.32796647551830616,0.3074547860608734,4534.0
30,r1,r3,r5,r6,0.3699536730641959,0.31392014118685196,0.3161261857489521,4533.0
31,r2,r3,r5,r6,0.3818931828050369,0.3117672600955276,0.3063395570994355,4606.0
32,r0,r4,r5,r6,0.231998295696634,0.23391563698338305,0.534086067319983,4694.0
33,r1,r4,r5,r6,0.2309503424657534,0.2285958904109589,0.5404537671232876,4672.0
34,r2,r4,r5,r6,0.23160127253446447,0.22926829268292684,0.5391304347826087,4715.0
35,r3,r4,r5,r6,0.22857142857142856,0.23134328358208955,0.5400852878464819,4690.0
36,r0,r1,r2,r7,0.5709480765188144,0.21189825520285893,0.2171536682783267,4757.0
37,r0,r1,r3,r7,0.5691297903874656,0.2115181029006987,0.2193521067118357,4723.0
38,r0,r2,r3,r7,0.32051562158619185,0.3312213240113612,0.34826305440244704,4577.0
39,r1,r2,r3,r7,0.3192274305555556,0.3383246527777778,0.3424479166666667,4608.0
40,r0,r1,r4,r7,0.5796178343949044,0.20424628450106158,0.21613588110403398,4710.0
41,r0,r2,r4,r7,0.3478737395879,0.3288031565103025,0.32332310390179747,4562.0
42,r1,r2,r4,r7,0.35162423178226515,0.334503950834065,0.31387181738366987,4556.0
43,r0,r3,r4,r7,0.3568920105355575,0.3316505706760316,0.3114574187884109,4556.0
44,r1,r3,r4,r7,0.3645901639344262,0.33814207650273226,0.2972677595628415,4575.0
45,r2,r3,r4,r7,0.3702331662671606,0.3222924384397472,0.3074743952930922,4589.0
46,r0,r1,r5,r7,0.5863377609108159,0.21062618595825428,0.2030360531309298,4743.0
47,r0,r2,r5,r7,0.3570175438596491,0.33114035087719296,0.3118421052631579,4560.0
48,r1,r2,r5,r7,0.3638145003265839,0.32527759634225994,0.3109079033311561,4593.0
49,r0,r3,r5,r7,0.3595431583571272,0.33164946189325717,0.30880737974961564,4553.0
50,r1,r3,r5,r7,0.37155963302752293,0.3219746614242027,0.30646570554827435,4578.0
51,r2,r3,r5,r7,0.37342047930283223,0.3137254901960784,0.31285403050108934,4590.0
52,r0,r4,r5,r7,0.23183464734711273,0.2322608139782655,0.5359045386746217,4693.0
53,r1,r4,r5,r7,0.24077216801018245,0.22655918540517608,0.5326686465846415,4714.0
54,r2,r4,r5,r7,0.23015032818124073,0.2305737878467076,0.5392758839720516,4723.0
55,r3,r4,r5,r7,0.22894122639507744,0.22681943560364948,0.5442393380012731,4713.0
56,r0,r1,r6,r7,0.5879386425719689,0.2061357428031099,0.2059256146249212,4759.0
57,r0,r2,r6,r7,0.3691670300915831,0.322067160924553,0.3087658089838639,4586.0
58,r1,r2,r6,r7,0.3746197305519339,0.31877444589308995,0.3066058235549761,4602.0
59,r0,r3,r6,r7,0.37053959965187117,0.31723237597911225,0.31222802436901653,4596.0
60,r1,r3,r6,r7,0.37453914552157885,0.3218390804597701,0.30362177401865104,4611.0
61,r2,r3,r6,r7,0.38674983867498386,0.301355130135513,0.3118950311895031,4649.0
62,r0,r4,r6,r7,0.35659760087241005,0.3166848418756816,0.3267175572519084,4585.0
63,r1,r4,r6,r7,0.3580327868852459,0.3250273224043716,0.31693989071038253,4575.0
64,r2,r4,r6,r7,0.3559835533434322,0.319411382817572,0.3246050638389959,4621.0
65,r3,r4,r6,r7,0.3455690703735882,0.31841876629018245,0.33601216333622935,4604.0
66,r0,r5,r6,r7,0.35055591890124266,0.32461303684325266,0.3248310442555047,4587.0
67,r1,r5,r6,r7,0.3483927019982624,0.3314509122502172,0.32015638575152044,4604.0
68,r2,r5,r6,r7,0.34757281553398056,0.32319309600863,0.32923408845738944,4635.0
69,r3,r5,r6,r7,0.343228602383532,0.3243770314192849,0.3323943661971831,4615.0
70,r4,r5,r6,r7,0.5522105263157895,0.2296842105263158,0.21810526315789475,4750.0
