qind,t1,t2,t3,t4,CF12_34,CF13_24,CF14_23,ngenes
1,r0,r1,r2,r3,0.5558134627558556,0.22051065625659422,0.22367588098755012,4739.0
2,r0,r1,r2,r4,0.5542297038141913,0.21798423183464735,0.2277860643511613,4693.0
3,r0,r1,r3,r4,0.5433305012744265,0.22451146983857265,0.23215802888700085,4708.0
4,r0,r2,r3,r4,0.3180135046830756,0.3330429100413853,0.3489435852755391,4591.0
5,r1,r2,r3,r4,0.3252279635258359,0.331306990881459,0.3434650455927052,4606.0
6,r0,r1,r2,r5,0.5553191489361702,0.2174468085106383,0.2272340425531915,4700.0
7,r0,r1,r3,r5,0.5389030612244898,0.2274659863945578,0.23363095238095238,4704.0
8,r0,r2,r3,r5,0.3129637712789175,0.3321693583587953,0.3548668703622872,4582.0
9,r1,r2,r3,r5,0.32135858915741344,0.3335510559547137,0.3450903548878729,4593.0
10,r0,r1,r4,r5,0.686837180286962,0.1603243917654398,0.15283842794759825,4809.0
11,r0,r2,r4,r5,0.5478463823467006,0.22724379376193507,0.22490982389136432,4713.0
12,r1,r2,r4,r5,0.5530079932688262,0.22023559108119478,0.22675641564997898,4754.0
13,r0,r3,r4,r5,0.5465655288664139,0.2210282343025706,0.2324062368310156,4746.0
14,r1,r3,r4,r5,0.5514690340308602,0.22109490593954767,0.22743606002959205,4731.0
15,r2,r3,r4,r5,0.5670255435929914,0.21342621912602913,0.21954823728097952,4737.0
16,r0,r1,r2,r6,0.5551097972972973,0.22022804054054054,0.22466216216216217,4736.0
17,r0,r1,r3,r6,0.5584112149532711,0.21389124893797792,0.22769753610875107,4708.0
18,r0,r2,r3,r6,0.33159947984395316,0.32639791937581275,0.3420026007802341,4614.0
19,r1,r2,r3,r6,0.3356989247311828,0.32387096774193547,0.34043010752688174,4650.0
20,r0,r1,r4,r6,0.5601110399316678,0.22229340166559897,0.21759555840273329,4683.0
21,r0,r2,r4,r6,0.34371596602047483,0.32846874319320407,0.32781529078632105,4591.0
22,r1,r2,r4,r6,0.34768356643356646,0.3173076923076923,0.33500874125874125,4576.0
23,r0,r3,r4,r6,0.34682713347921224,0.3301969365426696,0.32297592997811814,4570.0
24,r1,r3,r4,r6,0.35497929832207453,0.32294617563739375,0.3220745260405317,4589.0
25,r2,r3,r4,r6,0.36992840095465396,0.315469733130831,0.31460186591451506,4609.0
26,r0,r1,r5,r6,0.5656069980797952,0.21442287177298913,0.2199701301472157,4687.0
27,r0,r2,r5,r6,0.33792349726775955,0.3318032786885246,0.33027322404371584,4575.0
28,r1,r2,r5,r6,0.348280365694384,0.3239007400957771,0.3278188942098389,4594.0
29,r0,r3,r5,r6,0.34492563429571305,0.3374890638670166,0.31758530183727035,4572.0
30,r1,r3,r5,r6,0.35192475940507434,0.3333333333333333,0.3147419072615923,4572.0
31,r2,r3,r5,r6,0.35799522673031026,0.32414840529399,0.3178563679756997,4609.0
32,r0,r4,r5,r6,0.22792083422004683,0.2321770589487125,0.5399021068312407,4699.0
33,r1,r4,r5,r6,0.22132711469154123,0.23595505617977527,0.5427178291286835,4717.0
34,r2,r4,r5,r6,0.2204824375793483,0.23275497249259416,0.5467625899280576,4726.0
35,r3,r4,r5,r6,0.2267540152155537,0.23245984784446322,0.5407861369399831,4732.0
36,r0,r1,r2,r7,0.5581641285956007,0.21806260575296108,0.22377326565143824,4728.0
37,r0,r1,r3,r7,0.5485447206288506,0.22094752496282133,0.23050775440832802,4707.0
38,r0,r2,r3,r7,0.32605848974247054,0.3339153208206024,0.3400261894369271,4582.0
39,r1,r2,r3,r7,0.333551912568306,0.32699453551912566,0.3394535519125683,4575.0
40,r0,r1,r4,r7,0.5621529260999573,0.22533105510465612,0.2125160187953866,4682.0
41,r0,r2,r4,r7,0.3486682808716707,0.3286374642306846,0.32269425489764475,4543.0
42,r1,r2,r4,r7,0.3600877192982456,0.31776315789473686,0.3221491228070175,4560.0
43,r0,r3,r4,r7,0.35390318360226775,0.32882686436982117,0.31726995202791103,4586.0
44,r1,r3,r4,r7,0.35251798561151076,0.328755177676041,0.3187268367124482,4587.0
45,r2,r3,r4,r7,0.3674003050773589,0.3207670516452386,0.3118326432774025,4589.0
46,r0,r1,r5,r7,0.5598802395209581,0.21278870829769034,0.22733105218135158,4676.0
47,r0,r2,r5,r7,0.34014502307185235,0.33201494177103935,0.3278400351571083,4551.0
48,r1,r2,r5,r7,0.3481611979740145,0.33010350143140277,0.3217353005945827,4541.0
49,r0,r3,r5,r7,0.3578121595118762,0.33079102200915234,0.31139681847897144,4589.0
50,r1,r3,r5,r7,0.3529154837300721,0.33675474994540294,0.310329766324525,4579.0
51,r2,r3,r5,r7,0.36778846153846156,0.3192744755244755,0.3129370629370629,4576.0
52,r0,r4,r5,r7,0.23754789272030652,0.2275436355896126,0.5349084716900809,4698.0
53,r1,r4,r5,r7,0.22774591034629277,0.23411939664329723,0.5381346930104101,4707.0
54,r2,r4,r5,r7,0.22863202545068928,0.23308589607635208,0.5382820784729586,4715.0
55,r3,r4,r5,r7,0.23786304854780582,0.22577909688361247,0.5363578545685818,4717.0
56,r0,r1,r6,r7,0.5758540207935497,0.21472522809251007,0.20942075111394018,4713.0
57,r0,r2,r6,r7,0.36391172652531373,0.32366940718303766,0.3124188662916486,4622.0
58,r1,r2,r6,r7,0.3601640051791109,0.3239102287440656,0.3159257660768235,4634.0
59,r0,r3,r6,r7,0.3647853562867727,0.3240357376334713,0.31117890607975596,4589.0
60,r1,r3,r6,r7,0.3619151251360174,0.317519042437432,0.3205658324265506,4595.0
61,r2,r3,r6,r7,0.37422393491757655,0.31213872832369943,0.313637336758724,4671.0
62,r0,r4,r6,r7,0.3531338720244595,0.32889277134745576,0.31797335662808474,4579.0
63,r1,r4,r6,r7,0.3383705650459921,0.3293911519929917,0.3322382829610162,4566.0
64,r2,r4,r6,r7,0.3511994813053815,0.3246163821050357,0.3241841365895829,4627.0
65,r3,r4,r6,r7,0.34788245462402767,0.317199654278306,0.3349178910976664,4628.0
66,r0,r5,r6,r7,0.34695215206467117,0.332532226349137,0.32051562158619185,4577.0
67,r1,r5,r6,r7,0.34833916083916083,0.32888986013986016,0.322770979020979,4576.0
68,r2,r5,r6,r7,0.3453919035314384,0.3273040482342808,0.3273040482342808,4644.0
69,r3,r5,r6,r7,0.33990895295902884,0.3282029048341643,0.33188814220680685,4613.0
70,r4,r5,r6,r7,0.5466975178796802,0.23390828775767775,0.219394194362642,4754.0
