qind,t1,t2,t3,t4,CF12_34,CF13_24,CF14_23,ngenes
1,r0,r1,r2,r3,0.5666526492851135,0.21047098402018502,0.22287636669470143,4756.0
2,r0,r1,r2,r4,0.5558617765528938,0.21687513249947,0.22726309094763622,4717.0
3,r0,r1,r3,r4,0.5668290616394832,0.22008049142130903,0.21309044693920778,4721.0
4,r0,r2,r3,r4,0.34096359276215393,0.31654676258992803,0.34248964464791803,4587.0
5,r1,r2,r3,r4,0.34105172040683834,0.3137848950443627,0.34516338454879897,4621.0
6,r0,r1,r2,r5,0.5509857960568157,0.22365910536357855,0.22535509857960567,4717.0
7,r0,r1,r3,r5,0.5565839293226756,0.22444257467395878,0.21897349600336558,4754.0
8,r0,r2,r3,r5,0.3314459930313589,0.32186411149825783,0.34668989547038326,4592.0
9,r1,r2,r3,r5,0.33188626003907096,0.31951378337312786,0.3485999565878012,4607.0
10,r0,r1,r4,r5,0.6921630094043887,0.15590386624869385,0.15193312434691744,4785.0
11,r0,r2,r4,r5,0.5498721227621484,0.22442455242966752,0.22570332480818414,4692.0
12,r1,r2,r4,r5,0.5547321617615922,0.2187169172136354,0.2265509210247724,4723.0
13,r0,r3,r4,r5,0.5422832980972516,0.21839323467230443,0.23932346723044398,4730.0
14,r1,r3,r4,r5,0.5438040954190416,0.2193371332066709,0.2368587713742875,4737.0
15,r2,r3,r4,r5,0.5669557859107256,0.20795430505606094,0.22508990903321346,4727.0
16,r0,r1,r2,r6,0.5568950930626058,0.21890862944162437,0.22419627749576987,4728.0
17,r0,r1,r3,r6,0.5616293794850148,0.22140143520472774,0.2169691853102575,4738.0
18,r0,r2,r3,r6,0.33930885529157667,0.3226781857451404,0.33801295896328293,4630.0
19,r1,r2,r3,r6,0.3392470791864994,0.3241021202942449,0.3366508005192557,4622.0
20,r0,r1,r4,r6,0.568090078606331,0.21457403866581687,0.21733588272785215,4707.0
21,r0,r2,r4,r6,0.35941266710497477,0.32062239754547445,0.3199649353495507,4563.0
22,r1,r2,r4,r6,0.36445321060705677,0.31821170282708744,0.3173350865658558,4563.0
23,r0,r3,r4,r6,0.3434233449477352,0.3314459930313589,0.3251306620209059,4592.0
24,r1,r3,r4,r6,0.3400087070091424,0.33413147583804964,0.325859817152808,4594.0
25,r2,r3,r4,r6,0.3629469122426869,0.3167930660888407,0.3202600216684724,4615.0
26,r0,r1,r5,r6,0.5646934460887949,0.21289640591966175,0.22241014799154335,4730.0
27,r0,r2,r5,r6,0.3521065269591792,0.33093211089281815,0.31696136214800263,4581.0
28,r1,r2,r5,r6,0.3568935427574171,0.3261343804537522,0.3169720767888307,4584.0
29,r0,r3,r5,r6,0.3407857607987845,0.34035163881050573,0.3188626003907098,4607.0
30,r1,r3,r5,r6,0.3381138635375924,0.34159061277705344,0.3202955236853542,4602.0
31,r2,r3,r5,r6,0.3559835533434322,0.32893313135684915,0.31508331529971867,4621.0
32,r0,r4,r5,r6,0.23346799914947905,0.23644482245375292,0.530087178396768,4703.0
33,r1,r4,r5,r6,0.23057432432432431,0.24007601351351351,0.5293496621621622,4736.0
34,r2,r4,r5,r6,0.23493338972298583,0.23303023895115246,0.5320363713258617,4729.0
35,r3,r4,r5,r6,0.237165888841748,0.22358930844293592,0.539244802715316,4714.0
36,r0,r1,r2,r7,0.5620499788225328,0.21982210927573062,0.21812791190173655,4722.0
37,r0,r1,r3,r7,0.5540540540540541,0.22782939189189189,0.21811655405405406,4736.0
38,r0,r2,r3,r7,0.33253847821374377,0.32841968350314327,0.33904183828311296,4613.0
39,r1,r2,r3,r7,0.3333333333333333,0.3264024258176305,0.34026424084903617,4617.0
40,r0,r1,r4,r7,0.5662778366914104,0.2222693531283139,0.2114528101802757,4715.0
41,r0,r2,r4,r7,0.3479217066197493,0.3318671651638443,0.3202111282164064,4547.0
42,r1,r2,r4,r7,0.34800700832238285,0.3293911519929917,0.32260183968462547,4566.0
43,r0,r3,r4,r7,0.34108695652173915,0.3293478260869565,0.32956521739130434,4600.0
44,r1,r3,r4,r7,0.3336235038084875,0.32883569096844395,0.33754080522306856,4595.0
45,r2,r3,r4,r7,0.3609967497291441,0.3126760563380282,0.3263271939328277,4615.0
46,r0,r1,r5,r7,0.5672304439746301,0.21416490486257928,0.2186046511627907,4730.0
47,r0,r2,r5,r7,0.3512141280353201,0.336644591611479,0.3121412803532009,4530.0
48,r1,r2,r5,r7,0.34985742487387583,0.3366966440008774,0.31344593112524677,4559.0
49,r0,r3,r5,r7,0.3443592552026287,0.3371303395399781,0.3185104052573932,4565.0
50,r1,r3,r5,r7,0.34201883074228157,0.33807751259032187,0.31990365666739656,4567.0
51,r2,r3,r5,r7,0.3632394673652041,0.32220039292730845,0.3145601397074875,4581.0
52,r0,r4,r5,r7,0.22762312633832976,0.23083511777301927,0.5415417558886509,4670.0
53,r1,r4,r5,r7,0.2281636131231359,0.23242437153813378,0.5394120153387303,4694.0
54,r2,r4,r5,r7,0.2326764144945963,0.22186904005085822,0.5454545454545454,4719.0
55,r3,r4,r5,r7,0.23991507430997877,0.2159235668789809,0.5441613588110403,4710.0
56,r0,r1,r6,r7,0.5762105263157895,0.21726315789473685,0.2065263157894737,4750.0
57,r0,r2,r6,r7,0.3627856365614799,0.32317736670293795,0.31403699673558216,4595.0
58,r1,r2,r6,r7,0.36028614784305224,0.32256665944071106,0.3171471927162367,4613.0
59,r0,r3,r6,r7,0.35239130434782606,0.3317391304347826,0.3158695652173913,4600.0
60,r1,r3,r6,r7,0.3464566929133858,0.3293963254593176,0.3241469816272966,4572.0
61,r2,r3,r6,r7,0.35609016038144775,0.3198959687906372,0.32401387082791505,4614.0
62,r0,r4,r6,r7,0.3465045592705167,0.3247937472861485,0.3287016934433348,4606.0
63,r1,r4,r6,r7,0.34449967581586344,0.32396801383185647,0.3315323103522801,4627.0
64,r2,r4,r6,r7,0.3405088062622309,0.31702544031311153,0.3424657534246575,4599.0
65,r3,r4,r6,r7,0.34349814855151384,0.31910259202788066,0.33739925942060556,4591.0
66,r0,r5,r6,r7,0.34783554492060037,0.3299978246682619,0.3221666304111377,4597.0
67,r1,r5,r6,r7,0.3532972972972973,0.3251891891891892,0.32151351351351354,4625.0
68,r2,r5,r6,r7,0.3359425962165688,0.32746249184605347,0.33659491193737767,4599.0
69,r3,r5,r6,r7,0.3309336823734729,0.3307155322862129,0.33835078534031415,4584.0
70,r4,r5,r6,r7,0.5353748680042238,0.23421330517423442,0.2304118268215417,4735.0
