qind,t1,t2,t3,t4,CF12_34,CF13_24,CF14_23,ngenes
1,r0,r1,r2,r3,0.5541280539174389,0.21503791069924177,0.23083403538331929,4748.0
2,r0,r1,r2,r4,0.5495648482275526,0.2226703459987264,0.22776480577372107,4711.0
3,r0,r1,r3,r4,0.5486875529212532,0.2258679085520745,0.22544453852667232,4724.0
4,r0,r2,r3,r4,0.3266854541513115,0.3299371341859961,0.34337741166269237,4613.0
5,r1,r2,r3,r4,0.33464137780684544,0.3224329627207325,0.34292565947242204,4587.0
6,r0,r1,r2,r5,0.5554612937433722,0.22120890774125132,0.22332979851537646,4715.0
7,r0,r1,r3,r5,0.5521186440677966,0.22224576271186441,0.225635593220339,4720.0
8,r0,r2,r3,r5,0.3247602441150828,0.3354402789886661,0.33979947689625106,4588.0
9,r1,r2,r3,r5,0.32525649421523684,0.33988212180746563,0.33486138397729753,4581.0
10,r0,r1,r4,r5,0.6896623161383882,0.15061114563911332,0.15972653822249844,4827.0
11,r0,r2,r4,r5,0.55949098621421,0.2176033934252386,0.22290562036055142,4715.0
12,r1,r2,r4,r5,0.5573248407643312,0.22717622080679406,0.21549893842887474,4710.0
13,r0,r3,r4,r5,0.5512060939483707,0.22005924672027083,0.22873465933135845,4726.0
14,r1,r3,r4,r5,0.5541631265930331,0.21856414613423958,0.22727272727272727,4708.0
15,r2,r3,r4,r5,0.5557894736842105,0.21157894736842106,0.2326315789473684,4750.0
16,r0,r1,r2,r6,0.5584745762711865,0.21377118644067797,0.2277542372881356,4720.0
17,r0,r1,r3,r6,0.5473416649015039,0.2319423850879051,0.22071595001059097,4721.0
18,r0,r2,r3,r6,0.3166919904493163,0.33383980898632515,0.34946820056435857,4607.0
19,r1,r2,r3,r6,0.3261951113995241,0.3218689162881246,0.3519359723123513,4623.0
20,r0,r1,r4,r6,0.5668939071154665,0.21346399659139326,0.2196420962931402,4694.0
21,r0,r2,r4,r6,0.3599391039582427,0.3164419312744672,0.32361896476729013,4598.0
22,r1,r2,r4,r6,0.3626829801179812,0.31767533318767754,0.3196416866943413,4577.0
23,r0,r3,r4,r6,0.354216345111641,0.314762627357468,0.33102102753089097,4613.0
24,r1,r3,r4,r6,0.35031707850426413,0.31489175595888913,0.33479116553684674,4573.0
25,r2,r3,r4,r6,0.3723913043478261,0.3095652173913043,0.31804347826086954,4600.0
26,r0,r1,r5,r6,0.5723149336756526,0.21416345742404794,0.21352160890029953,4674.0
27,r0,r2,r5,r6,0.35841670291431055,0.31948673336233147,0.322096563723358,4598.0
28,r1,r2,r5,r6,0.36038394415357766,0.3156631762652705,0.3239528795811518,4584.0
29,r0,r3,r5,r6,0.35642482517482516,0.31993006993006995,0.3236451048951049,4576.0
30,r1,r3,r5,r6,0.35762748960385204,0.3131976362442548,0.32917487415189317,4569.0
31,r2,r3,r5,r6,0.3685008665511265,0.32040727902946275,0.31109185441941073,4616.0
32,r0,r4,r5,r6,0.229303408850307,0.23036205801397416,0.5403345331357188,4723.0
33,r1,r4,r5,r6,0.23026175782081293,0.22749521174718026,0.5422430304320068,4699.0
34,r2,r4,r5,r6,0.2235294117647059,0.23214285714285715,0.5443277310924369,4760.0
35,r3,r4,r5,r6,0.24064284203848593,0.22097695072954113,0.5383802072319729,4729.0
36,r0,r1,r2,r7,0.54421768707483,0.22959183673469388,0.2261904761904762,4704.0
37,r0,r1,r3,r7,0.5464746982849884,0.23078551767944103,0.2227397840355706,4723.0
38,r0,r2,r3,r7,0.3344887348353553,0.3197573656845754,0.34575389948006935,4616.0
39,r1,r2,r3,r7,0.33651551312649164,0.31763940117162076,0.3458450857018876,4609.0
40,r0,r1,r4,r7,0.5604906937394247,0.22419627749576987,0.2153130287648054,4728.0
41,r0,r2,r4,r7,0.35616139585605233,0.3153762268266085,0.3284623773173391,4585.0
42,r1,r2,r4,r7,0.35742444152431013,0.3158125273762593,0.32676303109943056,4566.0
43,r0,r3,r4,r7,0.3409387222946545,0.33376792698826596,0.32529335071707954,4602.0
44,r1,r3,r4,r7,0.3401926444833625,0.33209281961471104,0.32771453590192645,4568.0
45,r2,r3,r4,r7,0.3643883326077492,0.32738354375272094,0.30822812363952984,4594.0
46,r0,r1,r5,r7,0.5609497562009752,0.22832308670765317,0.21072715709137163,4717.0
47,r0,r2,r5,r7,0.35603917301414584,0.317519042437432,0.3264417845484222,4595.0
48,r1,r2,r5,r7,0.3558951965065502,0.312882096069869,0.3312227074235808,4580.0
49,r0,r3,r5,r7,0.3446401391606871,0.3394216133942161,0.31593824744509674,4599.0
50,r1,r3,r5,r7,0.35068912710566613,0.3325311747976373,0.31677969809669654,4571.0
51,r2,r3,r5,r7,0.36401128717169523,0.33362274799218583,0.30236596483611894,4607.0
52,r0,r4,r5,r7,0.2286198137171888,0.23031329381879762,0.5410668924640135,4724.0
53,r1,r4,r5,r7,0.23070380608122476,0.23027854560918562,0.5390176483095896,4703.0
54,r2,r4,r5,r7,0.23289695945945946,0.23078547297297297,0.5363175675675675,4736.0
55,r3,r4,r5,r7,0.23464633629817874,0.21622193985599322,0.5491317238458281,4722.0
56,r0,r1,r6,r7,0.5761378136962995,0.2216078264568269,0.20225435984687368,4702.0
57,r0,r2,r6,r7,0.3743756786102063,0.30640608034744843,0.31921824104234525,4605.0
58,r1,r2,r6,r7,0.3763300760043431,0.300542888165038,0.3231270358306189,4605.0
59,r0,r3,r6,r7,0.36519289120069354,0.3255309926311227,0.3092761161681838,4614.0
60,r1,r3,r6,r7,0.360381861575179,0.3271859405510957,0.31243219787372534,4609.0
61,r2,r3,r6,r7,0.3824795523030564,0.3196297890658631,0.2978906586310805,4646.0
62,r0,r4,r6,r7,0.346448087431694,0.32,0.333551912568306,4575.0
63,r1,r4,r6,r7,0.34897424705368835,0.3199476211261458,0.3310781318201659,4582.0
64,r2,r4,r6,r7,0.3531073446327684,0.32420686657974795,0.3226857887874837,4602.0
65,r3,r4,r6,r7,0.35184784957856063,0.3068943159714718,0.3412578344499676,4627.0
66,r0,r5,r6,r7,0.3501625135427952,0.32329360780065003,0.3265438786565547,4615.0
67,r1,r5,r6,r7,0.3472885032537961,0.32407809110629066,0.3286334056399132,4610.0
68,r2,r5,r6,r7,0.3490893321769297,0.3326105810928014,0.3183000867302689,4612.0
69,r3,r5,r6,r7,0.3393049859702137,0.3183682279300669,0.3423267860997194,4633.0
70,r4,r5,r6,r7,0.5560934540096821,0.22100610397810988,0.22290044201220796,4751.0
