qind,t1,t2,t3,t4,CF12_34,CF13_24,CF14_23,ngenes
1,r0,r1,r2,r3,0.542832909245123,0.2321882951653944,0.2249787955894826,4716.0
2,r0,r1,r2,r4,0.5262820512820513,0.2420940170940171,0.23162393162393163,4680.0
3,r0,r1,r3,r4,0.534156203447542,0.23366673760374548,0.2321770589487125,4699.0
4,r0,r2,r3,r4,0.3373441260118136,0.3233428133887552,0.33931306059943117,4571.0
5,r1,r2,r3,r4,0.3316593886462882,0.3259825327510917,0.3423580786026201,4580.0
6,r0,r1,r2,r5,0.5328342245989305,0.2427807486631016,0.22438502673796792,4675.0
7,r0,r1,r3,r5,0.5376252398209337,0.2342784054572586,0.22809635472180773,4691.0
8,r0,r2,r3,r5,0.3343551565579155,0.327129406612656,0.33851543682942853,4567.0
9,r1,r2,r3,r5,0.32469813391877056,0.3306256860592755,0.3446761800219539,4555.0
10,r0,r1,r4,r5,0.6943167572085248,0.15608023401587964,0.1496030087755955,4786.0
11,r0,r2,r4,r5,0.5647008909630886,0.21934662706830718,0.21595248196860417,4714.0
12,r1,r2,r4,r5,0.5605543710021322,0.2204690831556503,0.21897654584221748,4690.0
13,r0,r3,r4,r5,0.5574603174603174,0.21883597883597883,0.2237037037037037,4725.0
14,r1,r3,r4,r5,0.5604069520983468,0.2172530733361594,0.22233997456549384,4718.0
15,r2,r3,r4,r5,0.5641891891891891,0.21769425675675674,0.21811655405405406,4736.0
16,r0,r1,r2,r6,0.5355470412941677,0.23839931885908897,0.2260536398467433,4698.0
17,r0,r1,r3,r6,0.5430870209612534,0.2326910861740419,0.22422189286470465,4723.0
18,r0,r2,r3,r6,0.3347044814894999,0.3351374756440788,0.3301580428664213,4619.0
19,r1,r2,r3,r6,0.3360797918473547,0.33304423243712056,0.33087597571552474,4612.0
20,r0,r1,r4,r6,0.5576676633917129,0.2202050405809483,0.22212729602733874,4682.0
21,r0,r2,r4,r6,0.36723534558180226,0.3232720909886264,0.3094925634295713,4572.0
22,r1,r2,r4,r6,0.36664475126013585,0.319307473153627,0.31404777558623714,4563.0
23,r0,r3,r4,r6,0.3627856365614799,0.3170837867247008,0.3201305767138194,4595.0
24,r1,r3,r4,r6,0.36047774158523344,0.3229098805646037,0.3166123778501629,4605.0
25,r2,r3,r4,r6,0.3673247993057062,0.30787589498806683,0.32479930570622695,4609.0
26,r0,r1,r5,r6,0.5622208040842374,0.2148479047011274,0.22293129121463517,4701.0
27,r0,r2,r5,r6,0.3604294478527607,0.3244960560911481,0.31507449605609117,4564.0
28,r1,r2,r5,r6,0.3587003924989097,0.32555604012211076,0.3157435673789795,4586.0
29,r0,r3,r5,r6,0.356786102062975,0.3248642779587405,0.3183496199782845,4605.0
30,r1,r3,r5,r6,0.35572519083969467,0.3260632497273719,0.3182115594329335,4585.0
31,r2,r3,r5,r6,0.35715828114877995,0.31699416972576117,0.3258475491254589,4631.0
32,r0,r4,r5,r6,0.2271077908217716,0.2271077908217716,0.5457844183564567,4685.0
33,r1,r4,r5,r6,0.22566182749786506,0.23035866780529463,0.5439795046968403,4684.0
34,r2,r4,r5,r6,0.22606495149725855,0.2349219738506959,0.5390130746520455,4742.0
35,r3,r4,r5,r6,0.2267146486028789,0.23221845893310752,0.5410668924640135,4724.0
36,r0,r1,r2,r7,0.5363578545685818,0.23722705109179562,0.22641509433962265,4717.0
37,r0,r1,r3,r7,0.539974348011971,0.23386062419837536,0.2261650277896537,4678.0
38,r0,r2,r3,r7,0.3379821311832643,0.32251035083896273,0.33950751797777295,4589.0
39,r1,r2,r3,r7,0.33435114503816793,0.321701199563795,0.34394765539803707,4585.0
40,r0,r1,r4,r7,0.5521498510004257,0.22371221796509153,0.22413793103448276,4698.0
41,r0,r2,r4,r7,0.3682825180960737,0.32178109234481245,0.30993638955911385,4559.0
42,r1,r2,r4,r7,0.36335877862595417,0.3212649945474373,0.3153762268266085,4585.0
43,r0,r3,r4,r7,0.35929978118161926,0.32188183807439824,0.3188183807439825,4570.0
44,r1,r3,r4,r7,0.3494081543182815,0.3294607628233231,0.3211310828583954,4562.0
45,r2,r3,r4,r7,0.3731213243302113,0.3103898932694402,0.3164887824003485,4591.0
46,r0,r1,r5,r7,0.5578609625668449,0.21967914438502673,0.22245989304812835,4675.0
47,r0,r2,r5,r7,0.36079545454545453,0.32473776223776224,0.31446678321678323,4576.0
48,r1,r2,r5,r7,0.352580927384077,0.3261154855643045,0.32130358705161854,4572.0
49,r0,r3,r5,r7,0.35247870714129725,0.3293295479362306,0.31819174492247215,4579.0
50,r1,r3,r5,r7,0.34965806309287445,0.32936245312155304,0.32097948378557245,4533.0
51,r2,r3,r5,r7,0.3670363122417917,0.319634703196347,0.31332898456186126,4599.0
52,r0,r4,r5,r7,0.2248733108108108,0.2335304054054054,0.5415962837837838,4736.0
53,r1,r4,r5,r7,0.22624338624338625,0.2294179894179894,0.5443386243386243,4725.0
54,r2,r4,r5,r7,0.22657723747642003,0.22888283378746593,0.544539928736114,4771.0
55,r3,r4,r5,r7,0.2256020278833967,0.22855935783692438,0.545838614279679,4734.0
56,r0,r1,r6,r7,0.5643144734053825,0.21826658190294554,0.21741894469167197,4719.0
57,r0,r2,r6,r7,0.3807239424334932,0.3087658089838639,0.3105102485826428,4586.0
58,r1,r2,r6,r7,0.3739432039887275,0.30739215261218295,0.3186646433990895,4613.0
59,r0,r3,r6,r7,0.36757693974859124,0.3214130905938448,0.31100996965756394,4614.0
60,r1,r3,r6,r7,0.3637357830271216,0.32392825896762906,0.3123359580052493,4572.0
61,r2,r3,r6,r7,0.37912443390122924,0.31701531162389474,0.303860254474876,4637.0
62,r0,r4,r6,r7,0.3468409586056645,0.32592592592592595,0.3272331154684096,4590.0
63,r1,r4,r6,r7,0.34684979289295836,0.32308698495748855,0.3300632221495531,4587.0
64,r2,r4,r6,r7,0.34305616020896823,0.3282542446669569,0.32868959512407486,4594.0
65,r3,r4,r6,r7,0.34154777345438825,0.32144401210549073,0.3370082144401211,4626.0
66,r0,r5,r6,r7,0.35538628944504896,0.3227421109902067,0.32187159956474426,4595.0
67,r1,r5,r6,r7,0.3552258346061532,0.32075060004363953,0.32402356535020727,4583.0
68,r2,r5,r6,r7,0.353832828064097,0.32481593763533995,0.321351234300563,4618.0
69,r3,r5,r6,r7,0.35135135135135137,0.3202162162162162,0.3284324324324324,4625.0
70,r4,r5,r6,r7,0.5570018895654,0.2214990552173,0.2214990552173,4763.0
