qind,t1,t2,t3,t4,CF12_34,CF13_24,CF14_23,ngenes
1,r0,r1,r2,r3,0.541501976284585,0.22815107597716294,0.2303469477382521,4554.0
2,r0,r1,r2,r4,0.5289256198347108,0.23227490213136145,0.2387994780339278,4598.0
3,r0,r1,r3,r4,0.539588801399825,0.2331583552055993,0.2272528433945757,4572.0
4,r0,r2,r3,r4,0.325847743094543,0.3348304513810914,0.3393218055243656,4453.0
5,r1,r2,r3,r4,0.32750504371217215,0.32190091907644025,0.3505940372113876,4461.0
6,r0,r1,r2,r5,0.5211421098517872,0.23648648648648649,0.24237140366172624,4588.0
7,r0,r1,r3,r5,0.5306077831219939,0.23917796239615216,0.23021425448185395,4574.0
8,r0,r2,r3,r5,0.3250395838045691,0.33431350373218727,0.34064691246324363,4421.0
9,r1,r2,r3,r5,0.3237686398553999,0.32851333032083146,0.34771802982376865,4426.0
10,r0,r1,r4,r5,0.6809098639455783,0.15922619047619047,0.1598639455782313,4704.0
11,r0,r2,r4,r5,0.5529129391228453,0.2179794894174122,0.22910757145974253,4583.0
12,r1,r2,r4,r5,0.5475931169679809,0.22609453278152908,0.2263123502504901,4591.0
13,r0,r3,r4,r5,0.5534276387377585,0.21980413492927095,0.2267682263329706,4595.0
14,r1,r3,r4,r5,0.5472107662253093,0.22140221402214022,0.23138701975255047,4607.0
15,r2,r3,r4,r5,0.5520193151887621,0.2271729587357331,0.22080772607550483,4556.0
16,r0,r1,r2,r6,0.5341683146561196,0.22983959569325424,0.23599208965062624,4551.0
17,r0,r1,r3,r6,0.5344597598932859,0.23388172521120498,0.23165851489550912,4498.0
18,r0,r2,r3,r6,0.3223744292237443,0.33356164383561643,0.34406392694063925,4380.0
19,r1,r2,r3,r6,0.32043695949021395,0.3274920345926263,0.3520710059171598,4394.0
20,r0,r1,r4,r6,0.5521606285464863,0.21759057180270625,0.2302487996508075,4582.0
21,r0,r2,r4,r6,0.35822242273855176,0.3191969321001579,0.3225806451612903,4433.0
22,r1,r2,r4,r6,0.35816488757665227,0.3256870315693845,0.31614808085396323,4403.0
23,r0,r3,r4,r6,0.35792101679527916,0.3177485247389923,0.32433045846572855,4406.0
24,r1,r3,r4,r6,0.35811423390752495,0.3173164097914778,0.32456935630099726,4412.0
25,r2,r3,r4,r6,0.3659034232600317,0.31534799365223304,0.3187485830877352,4411.0
26,r0,r1,r5,r6,0.5454146555506801,0.21829749890302763,0.23628784554629223,4558.0
27,r0,r2,r5,r6,0.3449673496960144,0.3321324026120243,0.3229002476919613,4441.0
28,r1,r2,r5,r6,0.3417951042611061,0.3359020852221215,0.32230281051677245,4412.0
29,r0,r3,r5,r6,0.35548546970038297,0.32011714350078846,0.32439738679882857,4439.0
30,r1,r3,r5,r6,0.3558743169398907,0.32285974499089254,0.32126593806921677,4392.0
31,r2,r3,r5,r6,0.35827664399092973,0.3258503401360544,0.31587301587301586,4410.0
32,r0,r4,r5,r6,0.22495644599303136,0.24477351916376305,0.5302700348432056,4592.0
33,r1,r4,r5,r6,0.2253397632617273,0.24331433581762385,0.5313459009206488,4562.0
34,r2,r4,r5,r6,0.2247585601404741,0.24473222124670763,0.5305092186128183,4556.0
35,r3,r4,r5,r6,0.2334792122538293,0.23894967177242887,0.5275711159737418,4570.0
36,r0,r1,r2,r7,0.5362445414847161,0.2314410480349345,0.23231441048034934,4580.0
37,r0,r1,r3,r7,0.5288693743139408,0.23863885839736554,0.23249176728869375,4555.0
38,r0,r2,r3,r7,0.32123411978221417,0.3312159709618875,0.34754990925589835,4408.0
39,r1,r2,r3,r7,0.31988144094847243,0.32694938440492477,0.3531691746466028,4386.0
40,r0,r1,r4,r7,0.5464029558791567,0.22408172136492066,0.22951532275592262,4601.0
41,r0,r2,r4,r7,0.3494647636039251,0.322256913470116,0.328278322925959,4484.0
42,r1,r2,r4,r7,0.3498992612491605,0.32527423326617416,0.32482650548466535,4467.0
43,r0,r3,r4,r7,0.3536336880235454,0.3167308127688476,0.329635499207607,4417.0
44,r1,r3,r4,r7,0.3554203290511607,0.3182330403425738,0.3263466306062655,4437.0
45,r2,r3,r4,r7,0.35970081595648234,0.3161831368993654,0.3241160471441523,4412.0
46,r0,r1,r5,r7,0.5368191721132898,0.22483660130718955,0.2383442265795207,4590.0
47,r0,r2,r5,r7,0.35408734602463604,0.32295632698768195,0.32295632698768195,4465.0
48,r1,r2,r5,r7,0.3456900401965163,0.3242518981688254,0.33005806163465834,4478.0
49,r0,r3,r5,r7,0.3602526505752312,0.3171667042634785,0.3225806451612903,4433.0
50,r1,r3,r5,r7,0.3552542372881356,0.32022598870056496,0.32451977401129944,4425.0
51,r2,r3,r5,r7,0.3701846364258035,0.31365397766127195,0.31616138591292453,4387.0
52,r0,r4,r5,r7,0.2257360959651036,0.23097055616139586,0.5432933478735006,4585.0
53,r1,r4,r5,r7,0.22572868726714881,0.23997370151216305,0.5342976112206882,4563.0
54,r2,r4,r5,r7,0.23848179025888547,0.22948661693725317,0.5320315928038614,4558.0
55,r3,r4,r5,r7,0.23213502849627357,0.23345024112231477,0.5344147303814116,4562.0
56,r0,r1,r6,r7,0.5513548951048951,0.22727272727272727,0.22137237762237763,4576.0
57,r0,r2,r6,r7,0.35600907029478457,0.3090702947845805,0.3349206349206349,4410.0
58,r1,r2,r6,r7,0.35186852769022964,0.3165240882485367,0.3316073840612337,4442.0
59,r0,r3,r6,r7,0.364614328221561,0.3158617532616159,0.31952391851682305,4369.0
60,r1,r3,r6,r7,0.3621633957097216,0.3199452304883615,0.31789137380191695,4382.0
61,r2,r3,r6,r7,0.3708639705882353,0.31135110294117646,0.31778492647058826,4352.0
62,r0,r4,r6,r7,0.33827826477860196,0.3274893234434704,0.3342324117779276,4449.0
63,r1,r4,r6,r7,0.3459386887446856,0.32759006489147463,0.3264712463638398,4469.0
64,r2,r4,r6,r7,0.3388523474710819,0.32592424586073937,0.33522340666817874,4409.0
65,r3,r4,r6,r7,0.3424098025867937,0.325164511005219,0.3324256864079873,4407.0
66,r0,r5,r6,r7,0.340080971659919,0.32681061628430047,0.33310841205578046,4446.0
67,r1,r5,r6,r7,0.3487271908087407,0.3207929713899527,0.3304798378013066,4439.0
68,r2,r5,r6,r7,0.3423728813559322,0.3333333333333333,0.32429378531073444,4425.0
69,r3,r5,r6,r7,0.344124971700249,0.32374915100747115,0.3321258772922798,4417.0
70,r4,r5,r6,r7,0.540876389797253,0.23479398299542184,0.22432962720732505,4587.0
