qind,t1,t2,t3,t4,CF12_34,CF13_24,CF14_23,ngenes
1,r0,r1,r2,r3,0.5321302816901409,0.2282130281690141,0.23965669014084506,4544.0
2,r0,r1,r2,r4,0.5166848418756815,0.24471101417666302,0.2386041439476554,4585.0
3,r0,r1,r3,r4,0.5258564259218852,0.2428540257473271,0.2312895483307877,4583.0
4,r0,r2,r3,r4,0.32809694793536803,0.3256283662477558,0.34627468581687615,4456.0
5,r1,r2,r3,r4,0.32567049808429116,0.3234167230110435,0.3509127789046653,4437.0
6,r0,r1,r2,r5,0.5041557305336833,0.2436570428696413,0.2521872265966754,4572.0
7,r0,r1,r3,r5,0.5200435729847495,0.24313725490196078,0.23681917211328976,4590.0
8,r0,r2,r3,r5,0.3290913150256754,0.3183746371958026,0.352534047778522,4479.0
9,r1,r2,r3,r5,0.336026936026936,0.31290684624017956,0.3510662177328844,4455.0
10,r0,r1,r4,r5,0.6776595744680851,0.15659574468085105,0.16574468085106384,4700.0
11,r0,r2,r4,r5,0.5533116178067318,0.21954397394136807,0.2271444082519001,4605.0
12,r1,r2,r4,r5,0.5583479020979021,0.2152534965034965,0.2263986013986014,4576.0
13,r0,r3,r4,r5,0.5542457978607291,0.221567343374809,0.2241868587644619,4581.0
14,r1,r3,r4,r5,0.5506425615334349,0.22195600087126988,0.22740143759529513,4591.0
15,r2,r3,r4,r5,0.5593627237014405,0.22064600611086863,0.21999127018769096,4582.0
16,r0,r1,r2,r6,0.5209751811992093,0.23896332088732702,0.24006149791346365,4553.0
17,r0,r1,r3,r6,0.5310858143607706,0.24518388791593695,0.22373029772329248,4568.0
18,r0,r2,r3,r6,0.3217529518619437,0.3358310626702997,0.3424159854677566,4404.0
19,r1,r2,r3,r6,0.32755474452554745,0.3268704379562044,0.3455748175182482,4384.0
20,r0,r1,r4,r6,0.5390302239617308,0.23005001087192867,0.2309197651663405,4599.0
21,r0,r2,r4,r6,0.35670057496682883,0.32463511720477667,0.3186643078283945,4522.0
22,r1,r2,r4,r6,0.3569512740277157,0.32454179704962005,0.3185069289226643,4474.0
23,r0,r3,r4,r6,0.35878544317928107,0.32172359901763786,0.31949095780308107,4479.0
24,r1,r3,r4,r6,0.35189759712553337,0.3253986076802156,0.3227037951942511,4453.0
25,r2,r3,r4,r6,0.3724604966139955,0.30857787810383747,0.31896162528216704,4430.0
26,r0,r1,r5,r6,0.5324104592397275,0.23884860470226324,0.22874093605800924,4551.0
27,r0,r2,r5,r6,0.351146737920285,0.33311066577599646,0.31574259630371854,4491.0
28,r1,r2,r5,r6,0.35585990121239336,0.3300404131118096,0.31409968567579705,4454.0
29,r0,r3,r5,r6,0.3522321428571429,0.3287946428571429,0.3189732142857143,4480.0
30,r1,r3,r5,r6,0.34317925591882753,0.3294250281848929,0.3273957158962796,4435.0
31,r2,r3,r5,r6,0.364334085778781,0.31399548532731375,0.3216704288939052,4430.0
32,r0,r4,r5,r6,0.2279300669112886,0.2391538959637384,0.532916037124973,4633.0
33,r1,r4,r5,r6,0.2267682263329706,0.23177366702937977,0.5414581066376496,4595.0
34,r2,r4,r5,r6,0.22762092361567082,0.23024731888815933,0.5421317574961698,4569.0
35,r3,r4,r5,r6,0.2293859649122807,0.23201754385964912,0.5385964912280702,4560.0
36,r0,r1,r2,r7,0.5222271126760564,0.24405809859154928,0.23371478873239437,4544.0
37,r0,r1,r3,r7,0.5334792122538293,0.24310722100656454,0.22341356673960613,4570.0
38,r0,r2,r3,r7,0.33130356337392874,0.32205683355886333,0.3466396030672079,4434.0
39,r1,r2,r3,r7,0.32905885046942984,0.31783833295168307,0.3531028165788871,4367.0
40,r0,r1,r4,r7,0.5463894967177243,0.22844638949671772,0.22516411378555798,4570.0
41,r0,r2,r4,r7,0.36639857015192134,0.3190348525469169,0.3145665773011618,4476.0
42,r1,r2,r4,r7,0.3607781045012441,0.31847998190454646,0.32074191359420945,4421.0
43,r0,r3,r4,r7,0.3650190114068441,0.3218519346902259,0.31312905390293,4471.0
44,r1,r3,r4,r7,0.3582089552238806,0.32225237449118044,0.31953867028493893,4422.0
45,r2,r3,r4,r7,0.3776255707762557,0.30981735159817353,0.3125570776255708,4380.0
46,r0,r1,r5,r7,0.537855579868709,0.23676148796498905,0.22538293216630198,4570.0
47,r0,r2,r5,r7,0.36014298480786416,0.3268543342269884,0.31300268096514744,4476.0
48,r1,r2,r5,r7,0.3586440677966102,0.32180790960451977,0.31954802259887005,4425.0
49,r0,r3,r5,r7,0.35305940151853504,0.333407771326485,0.3135328271549799,4478.0
50,r1,r3,r5,r7,0.34324324324324323,0.331981981981982,0.3247747747747748,4440.0
51,r2,r3,r5,r7,0.3727396021699819,0.314873417721519,0.3123869801084991,4424.0
52,r0,r4,r5,r7,0.22239230264596546,0.24251038705445002,0.5350973102995845,4573.0
53,r1,r4,r5,r7,0.22654712442597857,0.23026459654493767,0.5431882790290837,4573.0
54,r2,r4,r5,r7,0.22736198996290638,0.23456251363735545,0.5380754963997382,4583.0
55,r3,r4,r5,r7,0.22653508771929826,0.23684210526315788,0.5366228070175438,4560.0
56,r0,r1,r6,r7,0.5443566095740009,0.23232323232323232,0.22332015810276679,4554.0
57,r0,r2,r6,r7,0.3586784340348495,0.32224485177642,0.31907671418873046,4419.0
58,r1,r2,r6,r7,0.36056274109371456,0.31336510097572046,0.326072157930565,4407.0
59,r0,r3,r6,r7,0.35507900677200904,0.3227990970654628,0.32212189616252823,4430.0
60,r1,r3,r6,r7,0.35067305498517,0.32261008441706596,0.3267168605977641,4383.0
61,r2,r3,r6,r7,0.36941068562256363,0.3146067415730337,0.3159825728044027,4361.0
62,r0,r4,r6,r7,0.3389412292507851,0.3391655450874832,0.32189322566173173,4458.0
63,r1,r4,r6,r7,0.33922902494331064,0.3303854875283447,0.3303854875283447,4410.0
64,r2,r4,r6,r7,0.33310626702997276,0.335149863760218,0.33174386920980925,4404.0
65,r3,r4,r6,r7,0.33091074267544857,0.34317510788099026,0.32591414944356123,4403.0
66,r0,r5,r6,r7,0.3443322109988777,0.3301907968574635,0.3254769921436588,4455.0
67,r1,r5,r6,r7,0.34055517941773866,0.33039945836154366,0.3290453622207177,4431.0
68,r2,r5,r6,r7,0.3369467028003613,0.33604336043360433,0.32700993676603435,4428.0
69,r3,r5,r6,r7,0.3324225865209472,0.3410746812386157,0.32650273224043713,4392.0
70,r4,r5,r6,r7,0.5469504168494954,0.22312417727073278,0.22992540587977184,4558.0
