qind,t1,t2,t3,t4,CF12_34,CF13_24,CF14_23,ngenes
1,r0,r1,r2,r3,0.5268389662027833,0.23702231058095868,0.236138723216258,4527.0
2,r0,r1,r2,r4,0.5169695642653821,0.23844974819356252,0.24458068754105539,4567.0
3,r0,r1,r3,r4,0.5288733928960558,0.2340379167574635,0.23708869034648072,4589.0
4,r0,r2,r3,r4,0.32696629213483147,0.32224719101123595,0.3507865168539326,4450.0
5,r1,r2,r3,r4,0.33565804274465694,0.3190101237345332,0.34533183352080987,4445.0
6,r0,r1,r2,r5,0.5219947735191638,0.23323170731707318,0.24477351916376305,4592.0
7,r0,r1,r3,r5,0.5249401001960358,0.23306469178828143,0.24199520801568286,4591.0
8,r0,r2,r3,r5,0.325078793336335,0.32057631697433586,0.35434488968932915,4442.0
9,r1,r2,r3,r5,0.3359480053787539,0.31981174361272974,0.34424025100851635,4462.0
10,r0,r1,r4,r5,0.6804846938775511,0.1568877551020408,0.16262755102040816,4704.0
11,r0,r2,r4,r5,0.5443312378061999,0.22783438109690007,0.22783438109690007,4613.0
12,r1,r2,r4,r5,0.5493385382780308,0.22793320320971588,0.2227282585122533,4611.0
13,r0,r3,r4,r5,0.5442544903700498,0.22808915819086778,0.22765635143908244,4621.0
14,r1,r3,r4,r5,0.5471861471861472,0.22402597402597402,0.2287878787878788,4620.0
15,r2,r3,r4,r5,0.5577175338871885,0.219938784433756,0.22234368167905552,4574.0
16,r0,r1,r2,r6,0.5210744704083861,0.24175584188687485,0.23716968770473904,4579.0
17,r0,r1,r3,r6,0.5281243160428978,0.23440577806959947,0.23746990588750275,4569.0
18,r0,r2,r3,r6,0.333483958427474,0.32173520108450065,0.3447808404880253,4426.0
19,r1,r2,r3,r6,0.3329571106094808,0.3246049661399549,0.3424379232505643,4430.0
20,r0,r1,r4,r6,0.5387285745280972,0.23671078325016273,0.22456064222174008,4609.0
21,r0,r2,r4,r6,0.3497304582210243,0.32637017070979335,0.3238993710691824,4452.0
22,r1,r2,r4,r6,0.3551002026570592,0.3172708849358253,0.3276289124071155,4441.0
23,r0,r3,r4,r6,0.3450305637310392,0.3362010414308354,0.3187683948381254,4417.0
24,r1,r3,r4,r6,0.34711864406779663,0.328361581920904,0.32451977401129944,4425.0
25,r2,r3,r4,r6,0.3577939835916135,0.32110300820419324,0.32110300820419324,4388.0
26,r0,r1,r5,r6,0.5439774696707106,0.23721837088388215,0.2188041594454073,4616.0
27,r0,r2,r5,r6,0.35144766146993317,0.3262806236080178,0.322271714922049,4490.0
28,r1,r2,r5,r6,0.35437109723461196,0.31489741302408564,0.3307314897413024,4484.0
29,r0,r3,r5,r6,0.351278600269179,0.3266038582323912,0.3221175414984298,4458.0
30,r1,r3,r5,r6,0.3446340368208352,0.3302649303996408,0.325101032779524,4454.0
31,r2,r3,r5,r6,0.3613312202852615,0.3208059769074032,0.3178628028073353,4417.0
32,r0,r4,r5,r6,0.2425559660943273,0.2377743968702456,0.5196696370354271,4601.0
33,r1,r4,r5,r6,0.23932926829268292,0.23279616724738675,0.5278745644599303,4592.0
34,r2,r4,r5,r6,0.24109289617486337,0.23672131147540984,0.5221857923497267,4575.0
35,r3,r4,r5,r6,0.23821989528795812,0.23080279232111692,0.5309773123909249,4584.0
36,r0,r1,r2,r7,0.5241213708797205,0.24208688059375683,0.2337917485265226,4581.0
37,r0,r1,r3,r7,0.5207242582897034,0.23909249563699825,0.24018324607329844,4584.0
38,r0,r2,r3,r7,0.3186141304347826,0.33084239130434784,0.35054347826086957,4416.0
39,r1,r2,r3,r7,0.32700993676603435,0.32791327913279134,0.34507678410117437,4428.0
40,r0,r1,r4,r7,0.531351703189412,0.23757865046647864,0.23106964634410934,4609.0
41,r0,r2,r4,r7,0.3427869584635998,0.337204108977222,0.3200089325591782,4478.0
42,r1,r2,r4,r7,0.34762118491921007,0.33078994614003593,0.32158886894075406,4456.0
43,r0,r3,r4,r7,0.3444394416929311,0.3325078793336335,0.32305267897343537,4442.0
44,r1,r3,r4,r7,0.346378767431399,0.3288349077822762,0.3247863247863248,4446.0
45,r2,r3,r4,r7,0.35116067364588077,0.3174783796085571,0.33136094674556216,4394.0
46,r0,r1,r5,r7,0.5414496527777778,0.2367621527777778,0.22178819444444445,4608.0
47,r0,r2,r5,r7,0.35004476275738583,0.3352730528200537,0.3146821844225604,4468.0
48,r1,r2,r5,r7,0.3526775711404885,0.32601389200089625,0.32130853685861527,4463.0
49,r0,r3,r5,r7,0.3464213596589634,0.3307157280682073,0.32286291227282926,4457.0
50,r1,r3,r5,r7,0.3459991059454627,0.32677693339293695,0.32722396066160037,4474.0
51,r2,r3,r5,r7,0.35745164960182024,0.3117178612059158,0.33083048919226393,4395.0
52,r0,r4,r5,r7,0.23842794759825328,0.22860262008733626,0.5329694323144105,4580.0
53,r1,r4,r5,r7,0.23524286647789153,0.22718362012633414,0.5375735133957743,4591.0
54,r2,r4,r5,r7,0.24144693833079103,0.22096317280453256,0.5375898888646764,4589.0
55,r3,r4,r5,r7,0.2341591756193817,0.23459767594825695,0.5312431484323613,4561.0
56,r0,r1,r6,r7,0.5524414276330195,0.22399824830304357,0.22356032406393694,4567.0
57,r0,r2,r6,r7,0.3706230104592997,0.31900864029104137,0.31036834924965895,4398.0
58,r1,r2,r6,r7,0.36578707916287534,0.32415832575068243,0.31005459508644223,4396.0
59,r0,r3,r6,r7,0.36679624971415503,0.31397210153212896,0.31923164875371596,4373.0
60,r1,r3,r6,r7,0.36328214531285813,0.3195049278019711,0.3172129268851708,4363.0
61,r2,r3,r6,r7,0.37781868384721584,0.29820524620340544,0.3239760699493787,4346.0
62,r0,r4,r6,r7,0.3558897243107769,0.3198906356801094,0.3242196400091137,4389.0
63,r1,r4,r6,r7,0.34317510788099026,0.334317510788099,0.3225073813309107,4403.0
64,r2,r4,r6,r7,0.34982817869415805,0.3170675830469645,0.3331042382588774,4365.0
65,r3,r4,r6,r7,0.3490975554032442,0.32876399360292435,0.32213845099383137,4377.0
66,r0,r5,r6,r7,0.34862178038861275,0.324446452779033,0.32693176683235425,4426.0
67,r1,r5,r6,r7,0.3349206349206349,0.33356009070294784,0.33151927437641726,4410.0
68,r2,r5,r6,r7,0.3399863914719891,0.32433658425946926,0.3356770242685416,4409.0
69,r3,r5,r6,r7,0.3409350057012543,0.33112884834663625,0.32793614595210946,4385.0
70,r4,r5,r6,r7,0.535832414553473,0.22954796030871003,0.23461962513781698,4535.0
