qind,t1,t2,t3,t4,CF12_34,CF13_24,CF14_23,ngenes
1,r0,r1,r2,r3,0.5306660804572434,0.2246647614860409,0.24466915805671577,4549.0
2,r0,r1,r2,r4,0.5267275097783573,0.2344632768361582,0.23880921338548458,4602.0
3,r0,r1,r3,r4,0.5255884258259556,0.24422370978190455,0.23018786439213992,4631.0
4,r0,r2,r3,r4,0.3259853039412158,0.338232019594745,0.3357826764640392,4491.0
5,r1,r2,r3,r4,0.34047350620067646,0.3186020293122886,0.34092446448703495,4435.0
6,r0,r1,r2,r5,0.527106466361855,0.23492270846940996,0.23797082516873502,4593.0
7,r0,r1,r3,r5,0.5207152202354993,0.24989097252507633,0.22939380723942435,4586.0
8,r0,r2,r3,r5,0.3187597590898952,0.3446352888690609,0.33660495204104396,4483.0
9,r1,r2,r3,r5,0.3289887640449438,0.32471910112359553,0.34629213483146065,4450.0
10,r0,r1,r4,r5,0.6724576271186441,0.16927966101694916,0.15826271186440677,4720.0
11,r0,r2,r4,r5,0.5295523685354194,0.23142112125162972,0.2390265102129509,4602.0
12,r1,r2,r4,r5,0.5341574495770982,0.2305356755584472,0.23530687486445456,4611.0
13,r0,r3,r4,r5,0.5403996524761078,0.23088618592528237,0.2287141615986099,4604.0
14,r1,r3,r4,r5,0.5282406405539927,0.2298203851980091,0.24193897424799826,4621.0
15,r2,r3,r4,r5,0.5361340879407923,0.2279059643012625,0.23595994775794515,4594.0
16,r0,r1,r2,r6,0.5239965095986039,0.23603839441535776,0.2399650959860384,4584.0
17,r0,r1,r3,r6,0.5266974291364536,0.24609975829488023,0.22720281256866623,4551.0
18,r0,r2,r3,r6,0.32412231030577576,0.3286523216308041,0.34722536806342014,4415.0
19,r1,r2,r3,r6,0.33627317955676167,0.31546811397557667,0.3482587064676617,4422.0
20,r0,r1,r4,r6,0.542894280762565,0.2322357019064125,0.22487001733102252,4616.0
21,r0,r2,r4,r6,0.35270361229526587,0.3141126318151223,0.33318375588961185,4457.0
22,r1,r2,r4,r6,0.3595959595959596,0.31290684624017956,0.3274971941638608,4455.0
23,r0,r3,r4,r6,0.35778577857785776,0.3175067506750675,0.32470747074707473,4444.0
24,r1,r3,r4,r6,0.3452461227242077,0.32164531355360754,0.3331085637221848,4449.0
25,r2,r3,r4,r6,0.36231884057971014,0.32518115942028986,0.3125,4416.0
26,r0,r1,r5,r6,0.5375923511516731,0.23163841807909605,0.23076923076923078,4602.0
27,r0,r2,r5,r6,0.33964817320703655,0.32453766350924673,0.3358141632837167,4434.0
28,r1,r2,r5,r6,0.35154662452020774,0.3197109957100926,0.3287423797696997,4429.0
29,r0,r3,r5,r6,0.3568064588472752,0.31711145996860285,0.326082081184122,4459.0
30,r1,r3,r5,r6,0.3453156594023815,0.3266681644574253,0.32801617614019324,4451.0
31,r2,r3,r5,r6,0.36038077969174975,0.329102447869447,0.31051677243880327,4412.0
32,r0,r4,r5,r6,0.23784834737524305,0.2454093756750918,0.5167422769496651,4629.0
33,r1,r4,r5,r6,0.23040173724212812,0.2484256243213898,0.5211726384364821,4605.0
34,r2,r4,r5,r6,0.23795971978984237,0.25153239929947463,0.510507880910683,4568.0
35,r3,r4,r5,r6,0.2392105833875515,0.24311429191064846,0.5176751247018,4611.0
36,r0,r1,r2,r7,0.5246402093327519,0.23288268643698212,0.24247710423026603,4586.0
37,r0,r1,r3,r7,0.5337719298245615,0.23859649122807017,0.22763157894736843,4560.0
38,r0,r2,r3,r7,0.33295506128007263,0.32546527462551067,0.3415796640944167,4406.0
39,r1,r2,r3,r7,0.3427794150986171,0.3167082294264339,0.340512355474949,4411.0
40,r0,r1,r4,r7,0.5399783315276273,0.2296858071505959,0.2303358613217768,4615.0
41,r0,r2,r4,r7,0.3532058492688414,0.31811023622047246,0.3286839145106862,4445.0
42,r1,r2,r4,r7,0.3605533244087461,0.31236055332440876,0.32708612226684514,4482.0
43,r0,r3,r4,r7,0.3590204448438553,0.3232981352505055,0.3176814199056392,4451.0
44,r1,r3,r4,r7,0.3440356744704571,0.32887402452619846,0.32709030100334446,4485.0
45,r2,r3,r4,r7,0.3610165645563876,0.32017245291581575,0.31881098252779666,4407.0
46,r0,r1,r5,r7,0.530754183873071,0.23234079547924363,0.2369050206476853,4601.0
47,r0,r2,r5,r7,0.34006211180124224,0.32475598935226263,0.33518189884649513,4508.0
48,r1,r2,r5,r7,0.34458855098389984,0.32558139534883723,0.329830053667263,4472.0
49,r0,r3,r5,r7,0.35914702581369246,0.3239057239057239,0.3169472502805836,4455.0
50,r1,r3,r5,r7,0.34070104934137085,0.33489618218352313,0.3244027684751061,4479.0
51,r2,r3,r5,r7,0.3608410581053584,0.3291883337101515,0.3099706081844902,4423.0
52,r0,r4,r5,r7,0.2396443287790067,0.23747560182173064,0.5228800693992627,4611.0
53,r1,r4,r5,r7,0.23321017170180394,0.24038252553792655,0.5264073027602695,4601.0
54,r2,r4,r5,r7,0.2399650959860384,0.24149214659685864,0.518542757417103,4584.0
55,r3,r4,r5,r7,0.2398003472222222,0.2345920138888889,0.5256076388888888,4608.0
56,r0,r1,r6,r7,0.556064572425829,0.21902268760907503,0.22491273996509598,4584.0
57,r0,r2,r6,r7,0.3721244925575101,0.31551646368967073,0.31235904375281914,4434.0
58,r1,r2,r6,r7,0.3744930148715638,0.31613339342045965,0.30937359170797657,4438.0
59,r0,r3,r6,r7,0.37468700204871386,0.316867744138402,0.3084452538128841,4393.0
60,r1,r3,r6,r7,0.3612742882964302,0.3258020786262991,0.31292363307727067,4426.0
61,r2,r3,r6,r7,0.38285190279688214,0.3083447959651536,0.30880330123796423,4362.0
62,r0,r4,r6,r7,0.35071620411817367,0.3272157564905998,0.3220680393912265,4468.0
63,r1,r4,r6,r7,0.3490187332738626,0.326271186440678,0.3247100802854594,4484.0
64,r2,r4,r6,r7,0.35564096766900294,0.3163011530635315,0.32805787926746555,4423.0
65,r3,r4,r6,r7,0.35219268348102706,0.32219950011361054,0.3256078164053624,4401.0
66,r0,r5,r6,r7,0.35309912732154847,0.32132468113671964,0.32557619154173195,4469.0
67,r1,r5,r6,r7,0.36023313158484643,0.31629679444070835,0.3234700739744452,4461.0
68,r2,r5,r6,r7,0.3584692028985507,0.3197463768115942,0.3217844202898551,4416.0
69,r3,r5,r6,r7,0.34740186067619694,0.32221465849784436,0.3303834808259587,4407.0
70,r4,r5,r6,r7,0.5407229965156795,0.23257839721254356,0.22669860627177701,4592.0
