qind,t1,t2,t3,t4,CF12_34,CF13_24,CF14_23,ngenes
1,r0,r1,r2,r3,0.5213207959763831,0.2556308768860704,0.22304832713754646,4573.0
2,r0,r1,r2,r4,0.5233340568699805,0.24723247232472326,0.22943347080529627,4607.0
3,r0,r1,r3,r4,0.5352813852813852,0.2326839826839827,0.23203463203463204,4620.0
4,r0,r2,r3,r4,0.34728506787330315,0.3237556561085973,0.32895927601809954,4420.0
5,r1,r2,r3,r4,0.32943557454463684,0.3370811783224646,0.33348324713289856,4447.0
6,r0,r1,r2,r5,0.5317718499240945,0.2415961830405552,0.22663196703535024,4611.0
7,r0,r1,r3,r5,0.5307323452484742,0.22820401046207497,0.24106364428945073,4588.0
8,r0,r2,r3,r5,0.3367231638418079,0.336045197740113,0.3272316384180791,4425.0
9,r1,r2,r3,r5,0.32667713708772717,0.3520305137985192,0.32129234911375365,4457.0
10,r0,r1,r4,r5,0.6886571610981059,0.14811662055756544,0.16322621834432857,4699.0
11,r0,r2,r4,r5,0.5512652705061082,0.22491273996509598,0.2238219895287958,4584.0
12,r1,r2,r4,r5,0.5482322130074203,0.23221300742034046,0.2195547795722392,4582.0
13,r0,r3,r4,r5,0.5517693315858454,0.2166885102664919,0.23154215814766274,4578.0
14,r1,r3,r4,r5,0.5521059487624838,0.22318714719930524,0.22470690403821103,4606.0
15,r2,r3,r4,r5,0.5435207293249403,0.2229216409811157,0.233557629693944,4607.0
16,r0,r1,r2,r6,0.5150523560209425,0.2526178010471204,0.23232984293193717,4584.0
17,r0,r1,r3,r6,0.5227870289219982,0.23400525854513585,0.2432077125328659,4564.0
18,r0,r2,r3,r6,0.3401852270160379,0.32866501016489724,0.33114976281906483,4427.0
19,r1,r2,r3,r6,0.33046627433227704,0.33770937075599816,0.33182435491172474,4418.0
20,r0,r1,r4,r6,0.5414518900343642,0.22787800687285223,0.23067010309278352,4656.0
21,r0,r2,r4,r6,0.3738255033557047,0.3100671140939597,0.31610738255033555,4470.0
22,r1,r2,r4,r6,0.36221527467619474,0.31911567664135776,0.3186690486824475,4478.0
23,r0,r3,r4,r6,0.3590664272890485,0.31508078994614,0.3258527827648115,4456.0
24,r1,r3,r4,r6,0.35924276169265035,0.3207126948775056,0.3200445434298441,4490.0
25,r2,r3,r4,r6,0.3594386600271616,0.3189225894069715,0.3216387505658669,4418.0
26,r0,r1,r5,r6,0.5367012089810017,0.23726252158894645,0.2260362694300518,4632.0
27,r0,r2,r5,r6,0.35787824529991047,0.3205013428827216,0.32162041181736795,4468.0
28,r1,r2,r5,r6,0.3463687150837989,0.31977653631284914,0.33385474860335196,4475.0
29,r0,r3,r5,r6,0.34985487832105383,0.3261888814467515,0.32395624023219466,4479.0
30,r1,r3,r5,r6,0.35572416871234097,0.32091051104664137,0.3233653202410176,4481.0
31,r2,r3,r5,r6,0.3489524667717954,0.3325073214687993,0.3185402117594053,4439.0
32,r0,r4,r5,r6,0.22557038312526906,0.24537236332328885,0.5290572535514421,4646.0
33,r1,r4,r5,r6,0.23405172413793104,0.2353448275862069,0.530603448275862,4640.0
34,r2,r4,r5,r6,0.23055193394176446,0.24358974358974358,0.525858322468492,4602.0
35,r3,r4,r5,r6,0.23506493506493506,0.23852813852813853,0.5264069264069264,4620.0
36,r0,r1,r2,r7,0.5186477644492912,0.25539803707742637,0.22595419847328244,4585.0
37,r0,r1,r3,r7,0.5267661254936375,0.23738481790258886,0.2358490566037736,4558.0
38,r0,r2,r3,r7,0.34122154608970023,0.32882578318683797,0.3299526707234618,4437.0
39,r1,r2,r3,r7,0.3259593679458239,0.3395033860045147,0.3345372460496614,4430.0
40,r0,r1,r4,r7,0.549225060030561,0.2222222222222222,0.22855271774721678,4581.0
41,r0,r2,r4,r7,0.37079407806191117,0.31179901301031854,0.3174069089277703,4458.0
42,r1,r2,r4,r7,0.35467869222096954,0.32401352874859074,0.32130777903043967,4435.0
43,r0,r3,r4,r7,0.3634715612961704,0.3140720598232495,0.3224563788805801,4413.0
44,r1,r3,r4,r7,0.36071829405162736,0.31829405162738494,0.32098765432098764,4455.0
45,r2,r3,r4,r7,0.3516708342805183,0.3196180950215958,0.3287110706978859,4399.0
46,r0,r1,r5,r7,0.546868155935173,0.23280770915462112,0.22032413491020586,4566.0
47,r0,r2,r5,r7,0.3733272850986618,0.3082331594465865,0.31843955545475167,4409.0
48,r1,r2,r5,r7,0.35264825712992304,0.3137166138524219,0.3336351290176551,4418.0
49,r0,r3,r5,r7,0.3659477866061294,0.32372304199772983,0.31032917139614075,4405.0
50,r1,r3,r5,r7,0.3637795275590551,0.3165354330708661,0.31968503937007875,4445.0
51,r2,r3,r5,r7,0.3581752484191509,0.32407407407407407,0.31775067750677505,4428.0
52,r0,r4,r5,r7,0.23811610076670317,0.22606790799561885,0.535815991237678,4565.0
53,r1,r4,r5,r7,0.245014245014245,0.22463291694060925,0.5303528380451458,4563.0
54,r2,r4,r5,r7,0.24406854130052724,0.22934973637961337,0.5265817223198594,4552.0
55,r3,r4,r5,r7,0.24714661984196665,0.2247585601404741,0.5280948200175593,4556.0
56,r0,r1,r6,r7,0.552833078101072,0.22642747757602275,0.22073944432290526,4571.0
57,r0,r2,r6,r7,0.38880108376608713,0.3020997967938587,0.3090991194400542,4429.0
58,r1,r2,r6,r7,0.3696047251249432,0.3121308496138119,0.3182644252612449,4402.0
59,r0,r3,r6,r7,0.38513974096796183,0.3092478982049534,0.30561236082708476,4401.0
60,r1,r3,r6,r7,0.3814689265536723,0.3102824858757062,0.30824858757062146,4425.0
61,r2,r3,r6,r7,0.37329079307201457,0.31289881494986327,0.31381039197812216,4388.0
62,r0,r4,r6,r7,0.34786496758327745,0.32617929801028395,0.32595573440643866,4473.0
63,r1,r4,r6,r7,0.3530066815144766,0.32026726057906457,0.3267260579064588,4490.0
64,r2,r4,r6,r7,0.3502042669087608,0.32319564230594644,0.3266000907852928,4406.0
65,r3,r4,r6,r7,0.35597826086956524,0.31929347826086957,0.32472826086956524,4416.0
66,r0,r5,r6,r7,0.35147849462365593,0.32974910394265233,0.31877240143369173,4464.0
67,r1,r5,r6,r7,0.34838274932614555,0.3261455525606469,0.32547169811320753,4452.0
68,r2,r5,r6,r7,0.35035012423763273,0.33476394849785407,0.3148859272645132,4427.0
69,r3,r5,r6,r7,0.34968354430379744,0.3295660036166365,0.320750452079566,4424.0
70,r4,r5,r6,r7,0.5368558382257013,0.24418351815612088,0.21896064361817785,4599.0
