qind,t1,t2,t3,t4,CF12_34,CF13_24,CF14_23,ngenes
1,r0,r1,r2,r3,0.5441401971522454,0.21621029572836803,0.23964950711938665,4565.0
2,r0,r1,r2,r4,0.5418836805555556,0.2261284722222222,0.2319878472222222,4608.0
3,r0,r1,r3,r4,0.538146551724138,0.2355603448275862,0.22629310344827586,4640.0
4,r0,r2,r3,r4,0.3107775039211293,0.3439390544476809,0.3452834416311898,4463.0
5,r1,r2,r3,r4,0.32616968882919184,0.3275128721737184,0.3463174389970898,4467.0
6,r0,r1,r2,r5,0.5462621885157096,0.2257854821235103,0.22795232936078005,4615.0
7,r0,r1,r3,r5,0.5415045395590142,0.23584089926502377,0.22265456117596194,4626.0
8,r0,r2,r3,r5,0.3163677130044843,0.3419282511210762,0.3417040358744395,4460.0
9,r1,r2,r3,r5,0.32991300468436313,0.32812848538924827,0.3419585099263886,4483.0
10,r0,r1,r4,r5,0.6925847457627119,0.15466101694915255,0.15275423728813559,4720.0
11,r0,r2,r4,r5,0.5481497511361177,0.22527591430426314,0.22657433455961912,4621.0
12,r1,r2,r4,r5,0.5512903925395792,0.22880069399262634,0.2199089134677944,4611.0
13,r0,r3,r4,r5,0.5553879310344828,0.23038793103448277,0.21422413793103448,4640.0
14,r1,r3,r4,r5,0.5461571489909832,0.2314297981966509,0.2224130528123658,4658.0
15,r2,r3,r4,r5,0.5558938668986516,0.22575032622879512,0.2183558068725533,4598.0
16,r0,r1,r2,r6,0.5352941176470588,0.2252723311546841,0.23943355119825707,4590.0
17,r0,r1,r3,r6,0.5314762009212547,0.23864882649703884,0.22987497258170653,4559.0
18,r0,r2,r3,r6,0.3126567844925884,0.3320410490307868,0.3553021664766249,4385.0
19,r1,r2,r3,r6,0.3219039025490638,0.320775998195353,0.3573200992555831,4433.0
20,r0,r1,r4,r6,0.5567544238239103,0.21558049201553733,0.22766508416055245,4634.0
21,r0,r2,r4,r6,0.3498217468805704,0.3157308377896613,0.3344474153297683,4488.0
22,r1,r2,r4,r6,0.3566168266012051,0.3184557018522651,0.3249274715465298,4481.0
23,r0,r3,r4,r6,0.36924104162029825,0.3156020476296461,0.31515691075005564,4493.0
24,r1,r3,r4,r6,0.3636565342800089,0.31928111826048367,0.31706234745950745,4507.0
25,r2,r3,r4,r6,0.36950146627565983,0.31987367471238437,0.3106248590119558,4433.0
26,r0,r1,r5,r6,0.5581294652522191,0.21606408313487768,0.22580645161290322,4619.0
27,r0,r2,r5,r6,0.3458697112155809,0.31363331094694424,0.3404969778374748,4467.0
28,r1,r2,r5,r6,0.3499107939339875,0.31400535236396077,0.33608385370205174,4484.0
29,r0,r3,r5,r6,0.3607510058113545,0.3088958426464014,0.3303531515422441,4474.0
30,r1,r3,r5,r6,0.3466099798612665,0.3226672633698814,0.3307227567688521,4469.0
31,r2,r3,r5,r6,0.35720741075463175,0.32783551739719835,0.3149570718481699,4426.0
32,r0,r4,r5,r6,0.23063533507397738,0.23433420365535249,0.5350304612706701,4596.0
33,r1,r4,r5,r6,0.23264417845484223,0.23482045701849838,0.5325353645266594,4595.0
34,r2,r4,r5,r6,0.23132372214941022,0.24202708606378331,0.5266491917868065,4578.0
35,r3,r4,r5,r6,0.22725293861558554,0.24205485415759687,0.5306922072268175,4594.0
36,r0,r1,r2,r7,0.5453953084274544,0.2239357080799305,0.2306689834926151,4604.0
37,r0,r1,r3,r7,0.5303262535581345,0.23866871031311582,0.23100503612874973,4567.0
38,r0,r2,r3,r7,0.31128228364295424,0.3411871318531944,0.3475305845038514,4414.0
39,r1,r2,r3,r7,0.3190378942591332,0.3297027456319492,0.3512593601089176,4407.0
40,r0,r1,r4,r7,0.5590465872156013,0.21365113759479956,0.22730227518959914,4615.0
41,r0,r2,r4,r7,0.3513272362257417,0.3200981485612313,0.328574615213027,4483.0
42,r1,r2,r4,r7,0.3616401523638808,0.3188438270221824,0.3195160206139368,4463.0
43,r0,r3,r4,r7,0.37058560572194904,0.31493071077335716,0.3144836835046938,4474.0
44,r1,r3,r4,r7,0.36883232864478677,0.31457914713105606,0.3165885242241572,4479.0
45,r2,r3,r4,r7,0.3703451407811081,0.31289736603088103,0.3167574931880109,4404.0
46,r0,r1,r5,r7,0.563588850174216,0.21189024390243902,0.22452090592334495,4592.0
47,r0,r2,r5,r7,0.3521942526175095,0.3218979728224549,0.32590777456003567,4489.0
48,r1,r2,r5,r7,0.3543254146122815,0.3189152846257284,0.3267593007619901,4462.0
49,r0,r3,r5,r7,0.3674658301590858,0.3112256329822989,0.32130853685861527,4463.0
50,r1,r3,r5,r7,0.35908887896382313,0.3186690486824475,0.32224207235372937,4478.0
51,r2,r3,r5,r7,0.3675039601719846,0.3179452364788414,0.314550803349174,4419.0
52,r0,r4,r5,r7,0.24082519001085775,0.21910966340933768,0.5400651465798045,4605.0
53,r1,r4,r5,r7,0.2328767123287671,0.22570123939986952,0.5414220482713633,4599.0
54,r2,r4,r5,r7,0.23291857672997163,0.23248199083169613,0.5345994324383322,4581.0
55,r3,r4,r5,r7,0.2260661444734552,0.23368146214099217,0.5402523933855526,4596.0
56,r0,r1,r6,r7,0.5642201834862385,0.21494102228047182,0.22083879423328964,4578.0
57,r0,r2,r6,r7,0.35447338618346547,0.332955832389581,0.31257078142695355,4415.0
58,r1,r2,r6,r7,0.36363636363636365,0.32763727500569606,0.3087263613579403,4389.0
59,r0,r3,r6,r7,0.37283894449499544,0.3166515013648772,0.3105095541401274,4396.0
60,r1,r3,r6,r7,0.3657649465787679,0.3173448511025233,0.3168902023187088,4399.0
61,r2,r3,r6,r7,0.37528709232889296,0.3073036288470372,0.31740927882406983,4354.0
62,r0,r4,r6,r7,0.33490038056861426,0.33758674725766735,0.3275128721737184,4467.0
63,r1,r4,r6,r7,0.34475806451612906,0.3324372759856631,0.32280465949820786,4464.0
64,r2,r4,r6,r7,0.34808126410835216,0.32866817155756206,0.3232505643340858,4430.0
65,r3,r4,r6,r7,0.336968870711202,0.336968870711202,0.326062258577596,4401.0
66,r0,r5,r6,r7,0.326218827229836,0.35160638058863175,0.3221747921815322,4451.0
67,r1,r5,r6,r7,0.33918523520144045,0.3400855277965339,0.32072923700202566,4443.0
68,r2,r5,r6,r7,0.3486901535682023,0.33084914182475156,0.32046070460704607,4428.0
69,r3,r5,r6,r7,0.33954545454545454,0.3372727272727273,0.3231818181818182,4400.0
70,r4,r5,r6,r7,0.5415573053368329,0.2357830271216098,0.2226596675415573,4572.0
