qind,t1,t2,t3,t4,CF12_34,CF13_24,CF14_23,ngenes
1,r0,r1,r2,r3,0.5613626745662293,0.2242911553110453,0.21434617012272536,4726.0
2,r0,r1,r2,r4,0.5577985550361241,0.22311942201444965,0.21908202294942627,4706.0
3,r0,r1,r3,r4,0.5497337593184238,0.2215122470713525,0.22875399361022364,4695.0
4,r0,r2,r3,r4,0.32569808027923214,0.32809773123909247,0.3462041884816754,4584.0
5,r1,r2,r3,r4,0.3270371183834834,0.33099055567757524,0.34197232593894134,4553.0
6,r0,r1,r2,r5,0.5576759966072943,0.2287955894826124,0.2135284139100933,4716.0
7,r0,r1,r3,r5,0.5469083155650319,0.22409381663113007,0.22899786780383796,4690.0
8,r0,r2,r3,r5,0.32786167651564896,0.33245786824250384,0.33968045524184726,4569.0
9,r1,r2,r3,r5,0.324801412180053,0.33737864077669905,0.337819947043248,4532.0
10,r0,r1,r4,r5,0.6958881235650177,0.15257774994781884,0.15153412648716344,4791.0
11,r0,r2,r4,r5,0.5562167906482466,0.22869287991498405,0.2150903294367694,4705.0
12,r1,r2,r4,r5,0.5615007461095716,0.22511191643572798,0.21338733745470048,4691.0
13,r0,r3,r4,r5,0.5513307984790875,0.2260245035910435,0.22264469792986905,4734.0
14,r1,r3,r4,r5,0.5623938879456706,0.2213497453310696,0.21625636672325976,4712.0
15,r2,r3,r4,r5,0.5654661016949153,0.21525423728813559,0.21927966101694915,4720.0
16,r0,r1,r2,r6,0.5670886075949367,0.21666666666666667,0.21624472573839662,4740.0
17,r0,r1,r3,r6,0.5602217011298231,0.2182903432104029,0.22148795565977403,4691.0
18,r0,r2,r3,r6,0.3274106175514626,0.3343445287107259,0.3382448537378115,4615.0
19,r1,r2,r3,r6,0.32802617230098147,0.33435114503816793,0.3376226826608506,4585.0
20,r0,r1,r4,r6,0.573579304495335,0.21183206106870228,0.21458863443596268,4716.0
21,r0,r2,r4,r6,0.3620689655172414,0.3249672632038411,0.3129637712789175,4582.0
22,r1,r2,r4,r6,0.3623029772329247,0.3283712784588441,0.3093257443082312,4568.0
23,r0,r3,r4,r6,0.3595897883482435,0.33013310058913375,0.31027711106262273,4583.0
24,r1,r3,r4,r6,0.36131868131868133,0.327032967032967,0.31164835164835164,4550.0
25,r2,r3,r4,r6,0.3729847494553377,0.3093681917211329,0.3176470588235294,4590.0
26,r0,r1,r5,r6,0.5725321888412017,0.21351931330472104,0.21394849785407724,4660.0
27,r0,r2,r5,r6,0.35776997366110624,0.3235294117647059,0.31870061457418786,4556.0
28,r1,r2,r5,r6,0.35068912710566613,0.3318748632684314,0.3174360096259024,4571.0
29,r0,r3,r5,r6,0.3564895470383275,0.32752613240418116,0.3159843205574913,4592.0
30,r1,r3,r5,r6,0.355917289925209,0.32578090629124506,0.318301803783546,4546.0
31,r2,r3,r5,r6,0.3609608309889634,0.319411382817572,0.3196277861934646,4621.0
32,r0,r4,r5,r6,0.22847399829497017,0.23209718670076726,0.5394288150042625,4692.0
33,r1,r4,r5,r6,0.22262695521748446,0.23012641954146132,0.5472466252410542,4667.0
34,r2,r4,r5,r6,0.2164575802679141,0.2377206038698703,0.5458218158622156,4703.0
35,r3,r4,r5,r6,0.2202886247877759,0.23365874363327674,0.5460526315789473,4712.0
36,r0,r1,r2,r7,0.5601017595929616,0.2194191223235107,0.22047911808352766,4717.0
37,r0,r1,r3,r7,0.5568085106382978,0.21680851063829787,0.22638297872340427,4700.0
38,r0,r2,r3,r7,0.32445887445887445,0.329004329004329,0.34653679653679653,4620.0
39,r1,r2,r3,r7,0.32745098039215687,0.3363834422657952,0.33616557734204794,4590.0
40,r0,r1,r4,r7,0.5740110591237771,0.21501488728200766,0.21097405359421523,4702.0
41,r0,r2,r4,r7,0.3594671325616947,0.32015723957195896,0.3203756278663464,4579.0
42,r1,r2,r4,r7,0.36437692646411274,0.3227653016292382,0.31285777190664904,4542.0
43,r0,r3,r4,r7,0.35574412532637073,0.32158398607484767,0.32267188859878154,4596.0
44,r1,r3,r4,r7,0.36655737704918034,0.31759562841530053,0.3158469945355191,4575.0
45,r2,r3,r4,r7,0.3734574583243126,0.3102403117557913,0.3163022299198961,4619.0
46,r0,r1,r5,r7,0.5749732620320855,0.2109090909090909,0.21411764705882352,4675.0
47,r0,r2,r5,r7,0.35992985532661115,0.30841736080666377,0.33165278386672514,4562.0
48,r1,r2,r5,r7,0.35555555555555557,0.32233223322332233,0.3221122112211221,4545.0
49,r0,r3,r5,r7,0.3549301919720768,0.3180628272251309,0.32700698080279234,4584.0
50,r1,r3,r5,r7,0.3619320688134098,0.3211292456991619,0.3169386854874283,4534.0
51,r2,r3,r5,r7,0.37516311439756417,0.31557198782079166,0.3092648977816442,4598.0
52,r0,r4,r5,r7,0.2263191354100445,0.22865013774104684,0.5450307268489086,4719.0
53,r1,r4,r5,r7,0.22284122562674094,0.23226912363402613,0.5448896507392329,4667.0
54,r2,r4,r5,r7,0.22358670336650435,0.23523184416684312,0.5411814524666525,4723.0
55,r3,r4,r5,r7,0.22616782921158318,0.22870429084760094,0.5451278799408159,4731.0
56,r0,r1,r6,r7,0.5800042274360601,0.21094905939547665,0.20904671316846332,4731.0
57,r0,r2,r6,r7,0.35917030567685587,0.3183406113537118,0.3224890829694323,4580.0
58,r1,r2,r6,r7,0.3595823363062867,0.31781596693495756,0.3226016967587557,4597.0
59,r0,r3,r6,r7,0.36134453781512604,0.31351001939237233,0.3251454427925016,4641.0
60,r1,r3,r6,r7,0.36611426079372,0.3170518970780637,0.3168338421282163,4586.0
61,r2,r3,r6,r7,0.3678333691217522,0.31715696800515353,0.3150096628730943,4657.0
62,r0,r4,r6,r7,0.33725490196078434,0.3296296296296296,0.33311546840958606,4590.0
63,r1,r4,r6,r7,0.3349344978165939,0.3299126637554585,0.3351528384279476,4580.0
64,r2,r4,r6,r7,0.33085826599694257,0.33478925529591613,0.3343524787071413,4579.0
65,r3,r4,r6,r7,0.33405781351880026,0.33449250163008043,0.3314496848511193,4601.0
66,r0,r5,r6,r7,0.34024896265560167,0.33042148940816773,0.3293295479362306,4579.0
67,r1,r5,r6,r7,0.3453427065026362,0.32974516695957823,0.32491212653778556,4552.0
68,r2,r5,r6,r7,0.34044405746626033,0.3415324336090553,0.3180235089246844,4594.0
69,r3,r5,r6,r7,0.34009156311314587,0.34270765206017006,0.3172007848266841,4587.0
70,r4,r5,r6,r7,0.5509641873278237,0.23034541216359397,0.21869040050858232,4719.0
