qind,t1,t2,t3,t4,CF12_34,CF13_24,CF14_23,ngenes
1,r0,r1,r2,r3,0.5633743111487919,0.22424756252649428,0.21237812632471387,4718.0
2,r0,r1,r2,r4,0.5488244016098284,0.22579961872484644,0.22537597966532513,4721.0
3,r0,r1,r3,r4,0.5620915032679739,0.21990301496942863,0.2180054817625975,4743.0
4,r0,r2,r3,r4,0.336171141672124,0.32154551407989523,0.3422833442479808,4581.0
5,r1,r2,r3,r4,0.3327507100720996,0.32444832859951933,0.34280096132838106,4577.0
6,r0,r1,r2,r5,0.5550127442650807,0.21877655055225148,0.2262107051826678,4708.0
7,r0,r1,r3,r5,0.556538218572331,0.2147820593809223,0.2286797220467467,4749.0
8,r0,r2,r3,r5,0.3308695652173913,0.3269565217391304,0.3421739130434783,4600.0
9,r1,r2,r3,r5,0.32786885245901637,0.3357377049180328,0.33639344262295084,4575.0
10,r0,r1,r4,r5,0.6999170468685193,0.1443384487764413,0.1557445043550394,4822.0
11,r0,r2,r4,r5,0.5688926458157227,0.21048182586644126,0.22062552831783602,4732.0
12,r1,r2,r4,r5,0.5606349206349206,0.22412698412698412,0.21523809523809523,4725.0
13,r0,r3,r4,r5,0.5567032040472175,0.21690556492411467,0.2263912310286678,4744.0
14,r1,r3,r4,r5,0.5628299894403379,0.21309398099260823,0.22407602956705386,4735.0
15,r2,r3,r4,r5,0.5647133220910624,0.20931703204047217,0.22596964586846544,4744.0
16,r0,r1,r2,r6,0.5583403538331929,0.22683235046335298,0.21482729570345407,4748.0
17,r0,r1,r3,r6,0.5555789473684211,0.22336842105263158,0.22105263157894736,4750.0
18,r0,r2,r3,r6,0.3382352941176471,0.3250432525951557,0.3367214532871972,4624.0
19,r1,r2,r3,r6,0.3304554284480898,0.32678609971940425,0.34275847183250596,4633.0
20,r0,r1,r4,r6,0.5724576271186441,0.21546610169491526,0.21207627118644068,4720.0
21,r0,r2,r4,r6,0.370362287210825,0.3175469227411611,0.312090790048014,4582.0
22,r1,r2,r4,r6,0.35979986948009574,0.31607570154448555,0.32412442897541877,4597.0
23,r0,r3,r4,r6,0.3656195462478185,0.31348167539267013,0.32089877835951136,4584.0
24,r1,r3,r4,r6,0.3588453968948174,0.31685982943363217,0.3242947736715504,4573.0
25,r2,r3,r4,r6,0.3655262018189693,0.30402771762667824,0.33044608055435254,4618.0
26,r0,r1,r5,r6,0.5699152542372882,0.22351694915254236,0.2065677966101695,4720.0
27,r0,r2,r5,r6,0.3591256830601093,0.32874316939890713,0.3121311475409836,4575.0
28,r1,r2,r5,r6,0.34984722828459186,0.32343954604975994,0.3267132256656482,4582.0
29,r0,r3,r5,r6,0.35399956644266206,0.32950357684803816,0.3164968567092998,4613.0
30,r1,r3,r5,r6,0.3552173913043478,0.32456521739130434,0.32021739130434784,4600.0
31,r2,r3,r5,r6,0.35539162508136257,0.3200260360164895,0.324582338902148,4609.0
32,r0,r4,r5,r6,0.2189951240195039,0.23955904176383294,0.5414458342166631,4717.0
33,r1,r4,r5,r6,0.21968253968253967,0.23513227513227514,0.5451851851851852,4725.0
34,r2,r4,r5,r6,0.21970338983050847,0.23495762711864407,0.5453389830508475,4720.0
35,r3,r4,r5,r6,0.22594319626960577,0.2327257312420517,0.5413310724883426,4718.0
36,r0,r1,r2,r7,0.5613997879109226,0.22269353128313893,0.2159066808059385,4715.0
37,r0,r1,r3,r7,0.5616148805749313,0.21538786725850773,0.222997252166561,4731.0
38,r0,r2,r3,r7,0.3297038327526132,0.3242595818815331,0.34603658536585363,4592.0
39,r1,r2,r3,r7,0.31969532100108816,0.3340587595212187,0.3462459194776931,4595.0
40,r0,r1,r4,r7,0.5756613756613757,0.21248677248677247,0.21185185185185185,4725.0
41,r0,r2,r4,r7,0.3561883899233297,0.3193866374589266,0.3244249726177437,4565.0
42,r1,r2,r4,r7,0.3531849912739965,0.3204624781849913,0.3263525305410122,4584.0
43,r0,r3,r4,r7,0.353224043715847,0.31759562841530053,0.3291803278688525,4575.0
44,r1,r3,r4,r7,0.3565179352580927,0.31408573928258965,0.3293963254593176,4572.0
45,r2,r3,r4,r7,0.36434443963652097,0.30549545651233234,0.3301601038511467,4622.0
46,r0,r1,r5,r7,0.5760846560846561,0.2162962962962963,0.20761904761904762,4725.0
47,r0,r2,r5,r7,0.3612874972629735,0.3207795051456098,0.3179329975914167,4567.0
48,r1,r2,r5,r7,0.3561673531324518,0.3190982007370475,0.32473444613050073,4613.0
49,r0,r3,r5,r7,0.35856832971800434,0.3229934924078091,0.31843817787418655,4610.0
50,r1,r3,r5,r7,0.3635378278777368,0.32083243008887924,0.3156297420333839,4613.0
51,r2,r3,r5,r7,0.37257438551099614,0.3078913324708926,0.31953428201811124,4638.0
52,r0,r4,r5,r7,0.2281779661016949,0.22076271186440677,0.5510593220338983,4720.0
53,r1,r4,r5,r7,0.2305737878467076,0.22358670336650435,0.5458395087867881,4723.0
54,r2,r4,r5,r7,0.23367842805831396,0.22628354109444326,0.5400380308472428,4733.0
55,r3,r4,r5,r7,0.23231256599788808,0.22449841605068638,0.5431890179514256,4735.0
56,r0,r1,r6,r7,0.5834558051648121,0.21121142137308418,0.2053327734621037,4763.0
57,r0,r2,r6,r7,0.3686036426712923,0.3150477016478751,0.3163486556808326,4612.0
58,r1,r2,r6,r7,0.36165153480328577,0.3175529615218331,0.32079550367488113,4626.0
59,r0,r3,r6,r7,0.37475728155339805,0.31024811218985976,0.3149946062567422,4635.0
60,r1,r3,r6,r7,0.37130434782608696,0.3073913043478261,0.32130434782608697,4600.0
61,r2,r3,r6,r7,0.37258687258687256,0.30930930930930933,0.3181038181038181,4662.0
62,r0,r4,r6,r7,0.3381326352530541,0.3226439790575916,0.3392233856893543,4584.0
63,r1,r4,r6,r7,0.3392779469334493,0.3201391909525881,0.3405828621139626,4598.0
64,r2,r4,r6,r7,0.34580252283601565,0.32361896476729013,0.3305785123966942,4598.0
65,r3,r4,r6,r7,0.35029101099374865,0.31946540202629875,0.3302435869799526,4639.0
66,r0,r5,r6,r7,0.3480819529206626,0.3289014821272886,0.32301656495204883,4588.0
67,r1,r5,r6,r7,0.33920034767492396,0.3307257714037375,0.33007388092133855,4602.0
68,r2,r5,r6,r7,0.34802431610942247,0.3373860182370821,0.31458966565349544,4606.0
69,r3,r5,r6,r7,0.3531195840554593,0.32842287694974004,0.31845753899480067,4616.0
70,r4,r5,r6,r7,0.5559085133418044,0.23464633629817874,0.20944515036001693,4722.0
