qind,t1,t2,t3,t4,CF12_34,CF13_24,CF14_23,ngenes
1,r0,r1,r2,r3,0.5603557814485387,0.21601016518424396,0.22363405336721728,4722.0
2,r0,r1,r2,r4,0.5459551037695891,0.22469292672596358,0.22935196950444728,4722.0
3,r0,r1,r3,r4,0.5456081081081081,0.22677364864864866,0.22761824324324326,4736.0
4,r0,r2,r3,r4,0.32284840541721277,0.3211009174311927,0.3560506771515946,4578.0
5,r1,r2,r3,r4,0.32860571677940215,0.32249618154047566,0.3488981016801222,4583.0
6,r0,r1,r2,r5,0.5551797040169133,0.2211416490486258,0.22367864693446088,4730.0
7,r0,r1,r3,r5,0.5495342929720576,0.2260795935647756,0.2243861134631668,4724.0
8,r0,r2,r3,r5,0.3240539364941279,0.33253588516746413,0.343410178338408,4598.0
9,r1,r2,r3,r5,0.33078435656543587,0.3310028402883985,0.3382128031461656,4577.0
10,r0,r1,r4,r5,0.6984557595993323,0.14941569282136896,0.15212854757929883,4792.0
11,r0,r2,r4,r5,0.5616903801231684,0.22318963686557655,0.21511998301125504,4709.0
12,r1,r2,r4,r5,0.5613997879109226,0.22332979851537646,0.21527041357370094,4715.0
13,r0,r3,r4,r5,0.5568085106382978,0.22680851063829788,0.21638297872340426,4700.0
14,r1,r3,r4,r5,0.5572404955147373,0.22768047842802222,0.2150790260572405,4682.0
15,r2,r3,r4,r5,0.5669491525423729,0.21567796610169493,0.2173728813559322,4720.0
16,r0,r1,r2,r6,0.5468188543648277,0.23060663707461423,0.22257450856055802,4731.0
17,r0,r1,r3,r6,0.539635438745231,0.23611699872827469,0.22424756252649428,4718.0
18,r0,r2,r3,r6,0.3272490221642764,0.3274663189917427,0.34528465884398085,4602.0
19,r1,r2,r3,r6,0.3286486486486486,0.3267027027027027,0.34464864864864864,4625.0
20,r0,r1,r4,r6,0.5607576080017025,0.22387742072781444,0.21536497127048307,4699.0
21,r0,r2,r4,r6,0.3561913081458834,0.31841013321685957,0.32539855863725703,4579.0
22,r1,r2,r4,r6,0.35722088704391525,0.3109023377758357,0.33187677518024905,4577.0
23,r0,r3,r4,r6,0.35541904344010533,0.3266783677051338,0.31790258885476086,4558.0
24,r1,r3,r4,r6,0.3542757417102967,0.32111692844677137,0.32460732984293195,4584.0
25,r2,r3,r4,r6,0.3707889589219735,0.3147141925668333,0.3144968485111932,4601.0
26,r0,r1,r5,r6,0.5682492581602374,0.21873675286138194,0.21301398897838067,4718.0
27,r0,r2,r5,r6,0.3593648031324777,0.31694583423972156,0.32368936262780074,4597.0
28,r1,r2,r5,r6,0.36116547075451183,0.31289410741465534,0.32594042183083277,4599.0
29,r0,r3,r5,r6,0.3615198770041731,0.31891060839007246,0.31956951460575445,4553.0
30,r1,r3,r5,r6,0.3591472699586687,0.31390036980639546,0.32695236023493585,4597.0
31,r2,r3,r5,r6,0.3644473455178416,0.3163620539599652,0.3191906005221932,4596.0
32,r0,r4,r5,r6,0.2380546075085324,0.22653583617747441,0.5354095563139932,4688.0
33,r1,r4,r5,r6,0.23523139262102793,0.22158242695670718,0.5431861804222649,4689.0
34,r2,r4,r5,r6,0.23300970873786409,0.22731110173068805,0.5396791895314479,4738.0
35,r3,r4,r5,r6,0.2280365879600085,0.2280365879600085,0.5439268240799829,4701.0
36,r0,r1,r2,r7,0.5449367088607595,0.22805907172995782,0.2270042194092827,4740.0
37,r0,r1,r3,r7,0.547971259509721,0.23732037193575656,0.2147083685545224,4732.0
38,r0,r2,r3,r7,0.323510292524377,0.3256771397616468,0.3508125677139762,4615.0
39,r1,r2,r3,r7,0.32806409701169337,0.31961888263317456,0.35231702035513207,4618.0
40,r0,r1,r4,r7,0.5684032189750106,0.2265988987717069,0.2049978822532825,4722.0
41,r0,r2,r4,r7,0.3602103418054338,0.31529360210341806,0.3244960560911481,4564.0
42,r1,r2,r4,r7,0.3617114167212399,0.30735647238594194,0.33093211089281815,4581.0
43,r0,r3,r4,r7,0.35105687513619527,0.3286118980169972,0.3203312268468076,4589.0
44,r1,r3,r4,r7,0.35256968641114983,0.31402439024390244,0.33340592334494773,4592.0
45,r2,r3,r4,r7,0.37856203419552825,0.31367821131082857,0.3077597544936431,4562.0
46,r0,r1,r5,r7,0.5683315621679065,0.22316684378320936,0.20850159404888416,4705.0
47,r0,r2,r5,r7,0.3588963719313491,0.30936345861394743,0.33174016945470347,4603.0
48,r1,r2,r5,r7,0.3637946040034813,0.3074412532637076,0.3287641427328111,4596.0
49,r0,r3,r5,r7,0.3538394415357766,0.31915357766143104,0.32700698080279234,4584.0
50,r1,r3,r5,r7,0.3534670737025731,0.3124727431312691,0.3340601831661579,4586.0
51,r2,r3,r5,r7,0.3723009814612868,0.31864776444929116,0.309051254089422,4585.0
52,r0,r4,r5,r7,0.23595744680851063,0.2248936170212766,0.5391489361702128,4700.0
53,r1,r4,r5,r7,0.22773753728163612,0.22368981678738817,0.5485726459309758,4694.0
54,r2,r4,r5,r7,0.23478260869565218,0.23287380699893956,0.5323435843054083,4715.0
55,r3,r4,r5,r7,0.22544833475661827,0.22993168232280103,0.5446199829205807,4684.0
56,r0,r1,r6,r7,0.5744590581247349,0.21913449299957574,0.20640644887568943,4714.0
57,r0,r2,r6,r7,0.3748915871639202,0.31461405030355594,0.3104943625325238,4612.0
58,r1,r2,r6,r7,0.3676120372374973,0.3141372591470015,0.3182507036155012,4619.0
59,r0,r3,r6,r7,0.37516283108988274,0.31220147633521494,0.3126356925749023,4606.0
60,r1,r3,r6,r7,0.3662309368191721,0.31089324618736386,0.32287581699346407,4590.0
61,r2,r3,r6,r7,0.3855265991815636,0.3058367434848159,0.3086366573336205,4643.0
62,r0,r4,r6,r7,0.3501084598698482,0.33427331887201733,0.3156182212581345,4610.0
63,r1,r4,r6,r7,0.3382480485689506,0.3313096270598439,0.3304423243712056,4612.0
64,r2,r4,r6,r7,0.3543699848189113,0.329646497505964,0.3159835176751247,4611.0
65,r3,r4,r6,r7,0.3480916030534351,0.33107960741548526,0.32082878953107963,4585.0
66,r0,r5,r6,r7,0.34704090513489994,0.3283289817232376,0.32463011314186246,4596.0
67,r1,r5,r6,r7,0.3396921742900499,0.330587470192933,0.3297203555170171,4613.0
68,r2,r5,r6,r7,0.35060449050086356,0.33182210708117443,0.317573402417962,4632.0
69,r3,r5,r6,r7,0.3494764397905759,0.3267888307155323,0.3237347294938918,4584.0
70,r4,r5,r6,r7,0.5530526315789474,0.21726315789473685,0.2296842105263158,4750.0
