qind,t1,t2,t3,t4,CF12_34,CF13_24,CF14_23,ngenes
1,r0,r1,r2,r3,0.5553227158424141,0.21919530595138306,0.22548197820620286,4772.0
2,r0,r1,r2,r4,0.549618320610687,0.21204410517387617,0.2383375742154368,4716.0
3,r0,r1,r3,r4,0.5524534686971235,0.22144670050761422,0.22609983079526227,4728.0
4,r0,r2,r3,r4,0.3210388476647752,0.3275862068965517,0.3513749454386731,4582.0
5,r1,r2,r3,r4,0.33121437965804473,0.32661113546690046,0.3421744848750548,4562.0
6,r0,r1,r2,r5,0.5507522780250053,0.2127569400296673,0.2364907819453274,4719.0
7,r0,r1,r3,r5,0.5427603725656224,0.22629127857747672,0.23094834885690094,4724.0
8,r0,r2,r3,r5,0.3109501865262234,0.32762782532367785,0.36142198815009874,4557.0
9,r1,r2,r3,r5,0.3257193059521195,0.32637821216780144,0.34790248188007905,4553.0
10,r0,r1,r4,r5,0.6945022907122033,0.15535193669304456,0.15014577259475217,4802.0
11,r0,r2,r4,r5,0.5607218683651805,0.21868365180467092,0.22059447983014863,4710.0
12,r1,r2,r4,r5,0.5705209656925032,0.21452774248199916,0.21495129182549766,4722.0
13,r0,r3,r4,r5,0.5559065066329754,0.2147820593809223,0.22931143398610235,4749.0
14,r1,r3,r4,r5,0.5607180570221753,0.208870116156283,0.2304118268215417,4735.0
15,r2,r3,r4,r5,0.5732430143945809,0.20766299745977984,0.2190939881456393,4724.0
16,r0,r1,r2,r6,0.5445356917245736,0.2187829016635081,0.2366814066119183,4749.0
17,r0,r1,r3,r6,0.5500953187883922,0.2247405210760432,0.2251641601355645,4721.0
18,r0,r2,r3,r6,0.3283322461404653,0.324853228962818,0.34681452489671666,4599.0
19,r1,r2,r3,r6,0.33405405405405403,0.323027027027027,0.3429189189189189,4625.0
20,r0,r1,r4,r6,0.5623816536924048,0.2190195665895224,0.2185987797180728,4753.0
21,r0,r2,r4,r6,0.3628839032890438,0.31670659986930955,0.3204094968416467,4591.0
22,r1,r2,r4,r6,0.37035427081069333,0.31536622473375353,0.31427950445555314,4601.0
23,r0,r3,r4,r6,0.3567403554399653,0.3266146510619853,0.3166449934980494,4614.0
24,r1,r3,r4,r6,0.35762600916430287,0.32555094915993893,0.31682304167575825,4583.0
25,r2,r3,r4,r6,0.3744292237442922,0.31224179169384647,0.31332898456186126,4599.0
26,r0,r1,r5,r6,0.5689435723377174,0.21467967755621553,0.21637675010606702,4714.0
27,r0,r2,r5,r6,0.35909190133158697,0.32678454485920105,0.314123553809212,4581.0
28,r1,r2,r5,r6,0.3681127982646421,0.3136659436008677,0.31822125813449026,4610.0
29,r0,r3,r5,r6,0.36387607119314436,0.3315754779169413,0.3045484508899143,4551.0
30,r1,r3,r5,r6,0.3632983377077865,0.3293963254593176,0.3073053368328959,4572.0
31,r2,r3,r5,r6,0.3741319444444444,0.3170572916666667,0.3088107638888889,4608.0
32,r0,r4,r5,r6,0.23152081563296517,0.22875955819881053,0.5397196261682243,4708.0
33,r1,r4,r5,r6,0.2276023890784983,0.23400170648464164,0.53839590443686,4688.0
34,r2,r4,r5,r6,0.2317768856961758,0.23114303824212973,0.5370800760616945,4733.0
35,r3,r4,r5,r6,0.23564064801178203,0.22385861561119294,0.540500736377025,4753.0
36,r0,r1,r2,r7,0.5525703405965728,0.21747408504336788,0.22995557436005923,4727.0
37,r0,r1,r3,r7,0.5536054134066399,0.22055402833580037,0.22584055825755975,4729.0
38,r0,r2,r3,r7,0.3248214672148885,0.3237394503354252,0.3514390824496862,4621.0
39,r1,r2,r3,r7,0.32929205455726346,0.3331890019484737,0.3375189434942628,4619.0
40,r0,r1,r4,r7,0.5676077265973254,0.2199108469539376,0.212481426448737,4711.0
41,r0,r2,r4,r7,0.34717971141233056,0.32225623087013555,0.3305640577175339,4574.0
42,r1,r2,r4,r7,0.36561743341404357,0.31741140215716485,0.31697116442879153,4543.0
43,r0,r3,r4,r7,0.3532478818162068,0.32305018466217683,0.32370193352161636,4603.0
44,r1,r3,r4,r7,0.36167899086559374,0.3188342757720748,0.31948673336233147,4598.0
45,r2,r3,r4,r7,0.3730278798357467,0.31143289388372597,0.31553922628052733,4627.0
46,r0,r1,r5,r7,0.5612244897959183,0.2185374149659864,0.22023809523809523,4704.0
47,r0,r2,r5,r7,0.3413619443836216,0.3321655353623823,0.32647252025399603,4567.0
48,r1,r2,r5,r7,0.3570175438596491,0.32456140350877194,0.31842105263157894,4560.0
49,r0,r3,r5,r7,0.35,0.33590308370044053,0.3140969162995595,4540.0
50,r1,r3,r5,r7,0.35269618588338447,0.33537921964050854,0.311924594476107,4562.0
51,r2,r3,r5,r7,0.37189000436490616,0.3192928852029681,0.30881711043212573,4582.0
52,r0,r4,r5,r7,0.22264875239923224,0.23032629558541268,0.5470249520153551,4689.0
53,r1,r4,r5,r7,0.21818958155422716,0.23996584116140052,0.5418445772843723,4684.0
54,r2,r4,r5,r7,0.22233997456549384,0.23293768545994065,0.5447223399745655,4718.0
55,r3,r4,r5,r7,0.22628354109444326,0.22797380097189943,0.5457426579336573,4733.0
56,r0,r1,r6,r7,0.5759613364152133,0.21012817818869511,0.21391048539609162,4759.0
57,r0,r2,r6,r7,0.37193667317284757,0.31533289958794186,0.3127304272392106,4611.0
58,r1,r2,r6,r7,0.3759219088937093,0.32147505422993494,0.30260303687635576,4610.0
59,r0,r3,r6,r7,0.37494581707845687,0.3088426527958388,0.31621153012570435,4614.0
60,r1,r3,r6,r7,0.3732638888888889,0.3140190972222222,0.3127170138888889,4608.0
61,r2,r3,r6,r7,0.3875053671103478,0.29841133533705455,0.3140832975525977,4658.0
62,r0,r4,r6,r7,0.34782608695652173,0.3176086956521739,0.33456521739130435,4600.0
63,r1,r4,r6,r7,0.3435064935064935,0.3264069264069264,0.3300865800865801,4620.0
64,r2,r4,r6,r7,0.346646407640547,0.32363794226177556,0.32971565009767745,4607.0
65,r3,r4,r6,r7,0.3425845620121422,0.32914137033824803,0.3282740676496097,4612.0
66,r0,r5,r6,r7,0.35002186270223,0.3062964582422387,0.34368167905553126,4574.0
67,r1,r5,r6,r7,0.3512630662020906,0.313588850174216,0.33514808362369336,4592.0
68,r2,r5,r6,r7,0.34660320207702294,0.3189095629597577,0.33448723496321936,4622.0
69,r3,r5,r6,r7,0.33738338034280757,0.32545020611846387,0.33716641353872856,4609.0
70,r4,r5,r6,r7,0.549492385786802,0.21763959390862944,0.23286802030456852,4728.0
