qind,t1,t2,t3,t4,CF12_34,CF13_24,CF14_23,ngenes
1,r0,r1,r2,r3,0.5579236125764929,0.21291411690230005,0.229162270521207,4739.0
2,r0,r1,r2,r4,0.5417732310315431,0.23231031543052003,0.2259164535379369,4692.0
3,r0,r1,r3,r4,0.5411089866156787,0.24389207563203738,0.21499893775228382,4707.0
4,r0,r2,r3,r4,0.32811140121845084,0.3244125326370757,0.34747606614447346,4596.0
5,r1,r2,r3,r4,0.33115040384195593,0.3001528050643964,0.36869679109364767,4581.0
6,r0,r1,r2,r5,0.5509466071048713,0.22952563284407573,0.21952776005105296,4701.0
7,r0,r1,r3,r5,0.5452421410365336,0.2425658453695837,0.21219201359388276,4708.0
8,r0,r2,r3,r5,0.3272098551977523,0.33066781932137457,0.3421223254808731,4627.0
9,r1,r2,r3,r5,0.33181324647122695,0.31118349619978286,0.35700325732899024,4605.0
10,r0,r1,r4,r5,0.6976404259761955,0.15243265817498433,0.1499269158488202,4789.0
11,r0,r2,r4,r5,0.5560528559249787,0.22847399829497017,0.21547314578005114,4692.0
12,r1,r2,r4,r5,0.5534165432621113,0.23249418235667443,0.2140892743812143,4727.0
13,r0,r3,r4,r5,0.5607535986452159,0.2209991532599492,0.2182472480948349,4724.0
14,r1,r3,r4,r5,0.550339847068819,0.22514868309260833,0.22451146983857265,4708.0
15,r2,r3,r4,r5,0.5643312101910828,0.208067940552017,0.22760084925690022,4710.0
16,r0,r1,r2,r6,0.5504255319148936,0.22638297872340427,0.22319148936170213,4700.0
17,r0,r1,r3,r6,0.5480707738222127,0.23747601790662973,0.21445320827115755,4691.0
18,r0,r2,r3,r6,0.32317736670293795,0.3277475516866159,0.34907508161044615,4595.0
19,r1,r2,r3,r6,0.3296488946684005,0.30992631122670133,0.36042479410489814,4614.0
20,r0,r1,r4,r6,0.5640698169433802,0.21541081311196253,0.2205193699446573,4698.0
21,r0,r2,r4,r6,0.3560655737704918,0.32546448087431695,0.31846994535519124,4575.0
22,r1,r2,r4,r6,0.3534426229508197,0.3315846994535519,0.3149726775956284,4575.0
23,r0,r3,r4,r6,0.36777583187390545,0.3145796847635727,0.3176444833625219,4568.0
24,r1,r3,r4,r6,0.33961437335670464,0.33501314636283963,0.32537248028045573,4564.0
25,r2,r3,r4,r6,0.3732869262562541,0.3071568414183163,0.3195562323254296,4597.0
26,r0,r1,r5,r6,0.5648286140089419,0.21588247817756015,0.21928890781349797,4697.0
27,r0,r2,r5,r6,0.356474428726877,0.3207834602829162,0.3227421109902067,4595.0
28,r1,r2,r5,r6,0.35132206328565235,0.3211963589076723,0.32748157780667536,4614.0
29,r0,r3,r5,r6,0.36504473052585645,0.3174776347370718,0.3174776347370718,4583.0
30,r1,r3,r5,r6,0.34077478660538413,0.3315824031516743,0.32764281024294156,4569.0
31,r2,r3,r5,r6,0.37093980077955824,0.3137721957557384,0.3152880034647033,4618.0
32,r0,r4,r5,r6,0.22988992379339543,0.22565622353937342,0.5444538526672311,4724.0
33,r1,r4,r5,r6,0.2272244637927373,0.2278615417286048,0.5449139944786578,4709.0
34,r2,r4,r5,r6,0.22634705133644464,0.2339838778107764,0.5396690708527789,4714.0
35,r3,r4,r5,r6,0.2327659574468085,0.22404255319148936,0.5431914893617021,4700.0
36,r0,r1,r2,r7,0.5428631756756757,0.22592905405405406,0.23120777027027026,4736.0
37,r0,r1,r3,r7,0.5452240067624683,0.2305579036348267,0.22421808960270498,4732.0
38,r0,r2,r3,r7,0.331027027027027,0.32454054054054055,0.34443243243243243,4625.0
39,r1,r2,r3,r7,0.34264069264069263,0.30735930735930733,0.35,4620.0
40,r0,r1,r4,r7,0.5608926673751329,0.21126461211477152,0.22784272051009563,4705.0
41,r0,r2,r4,r7,0.3534065934065934,0.329010989010989,0.31758241758241756,4550.0
42,r1,r2,r4,r7,0.3562691131498471,0.3333333333333333,0.3103975535168196,4578.0
43,r0,r3,r4,r7,0.35459908236836357,0.32182652392396766,0.3235743937076688,4577.0
44,r1,r3,r4,r7,0.33618233618233617,0.33618233618233617,0.32763532763532766,4563.0
45,r2,r3,r4,r7,0.37282608695652175,0.3110869565217391,0.3160869565217391,4600.0
46,r0,r1,r5,r7,0.5604395604395604,0.2073119188503804,0.23224852071005916,4732.0
47,r0,r2,r5,r7,0.3571741992101799,0.31856077226853885,0.32426502852128125,4558.0
48,r1,r2,r5,r7,0.3623984186250824,0.32220513946848234,0.31539644190643534,4553.0
49,r0,r3,r5,r7,0.35543478260869565,0.325,0.31956521739130433,4600.0
50,r1,r3,r5,r7,0.34453414793803183,0.33798821732489637,0.3174776347370718,4583.0
51,r2,r3,r5,r7,0.37199219596791677,0.32300021677866897,0.30500758725341426,4613.0
52,r0,r4,r5,r7,0.231483435323908,0.2219877611310403,0.5465288035450517,4739.0
53,r1,r4,r5,r7,0.23185953035752063,0.22741696636344405,0.5407235032790353,4727.0
54,r2,r4,r5,r7,0.23187791437049599,0.23103009749894024,0.5370919881305638,4718.0
55,r3,r4,r5,r7,0.2365136450179818,0.22085889570552147,0.5426274592764967,4727.0
56,r0,r1,r6,r7,0.5689143341815097,0.2063189143341815,0.22476675148430875,4716.0
57,r0,r2,r6,r7,0.3666231505657093,0.3152741514360313,0.31810269799825935,4596.0
58,r1,r2,r6,r7,0.36674604892833945,0.3186836977700801,0.31457025330158045,4619.0
59,r0,r3,r6,r7,0.3680104031209363,0.3203294321629822,0.3116601647160815,4614.0
60,r1,r3,r6,r7,0.3531073446327684,0.33289873967840067,0.31399391568883095,4602.0
61,r2,r3,r6,r7,0.3791089965397924,0.3120674740484429,0.3088235294117647,4624.0
62,r0,r4,r6,r7,0.3454782042940794,0.324658425504229,0.3298633702016916,4611.0
63,r1,r4,r6,r7,0.34797738147020446,0.3257938234014789,0.32622879512831665,4598.0
64,r2,r4,r6,r7,0.33867128327201906,0.3334776022505951,0.32785111447738585,4621.0
65,r3,r4,r6,r7,0.34787302958324334,0.3182897862232779,0.33383718419347874,4631.0
66,r0,r5,r6,r7,0.3423913043478261,0.3232608695652174,0.3343478260869565,4600.0
67,r1,r5,r6,r7,0.3491821155943293,0.3262813522355507,0.32453653217011996,4585.0
68,r2,r5,r6,r7,0.3431606329937134,0.3316713635378279,0.3251680034684587,4613.0
69,r3,r5,r6,r7,0.34044846916774474,0.31565329883570503,0.34389823199655023,4638.0
70,r4,r5,r6,r7,0.5426405559065066,0.22910086333965046,0.22825858075384292,4749.0
