qind,t1,t2,t3,t4,CF12_34,CF13_24,CF14_23,ngenes
1,r0,r1,r2,r3,0.5634550084889643,0.22389643463497452,0.21264855687606113,4712.0
2,r0,r1,r2,r4,0.5436541737649063,0.22551107325383304,0.23083475298126066,4696.0
3,r0,r1,r3,r4,0.545877378435518,0.21987315010570824,0.23424947145877378,4730.0
4,r0,r2,r3,r4,0.33398607484769366,0.32114882506527415,0.3448651000870322,4596.0
5,r1,r2,r3,r4,0.3372523405181798,0.3215763117787938,0.3411713477030263,4593.0
6,r0,r1,r2,r5,0.549513330512061,0.2204824375793483,0.23000423190859076,4726.0
7,r0,r1,r3,r5,0.5457034540859309,0.21630160067396798,0.2379949452401011,4748.0
8,r0,r2,r3,r5,0.33094773368032965,0.3300802428974192,0.33897202342225113,4611.0
9,r1,r2,r3,r5,0.33136869679109365,0.33704431346867497,0.3315869897402314,4581.0
10,r0,r1,r4,r5,0.6983695652173914,0.15133779264214048,0.15029264214046822,4784.0
11,r0,r2,r4,r5,0.5594405594405595,0.22907395634668362,0.21148548421275695,4719.0
12,r1,r2,r4,r5,0.5636593591905565,0.2263912310286678,0.20994940978077573,4744.0
13,r0,r3,r4,r5,0.556406981694338,0.2249893571732652,0.21860366113239676,4698.0
14,r1,r3,r4,r5,0.5579617834394904,0.22399150743099788,0.21804670912951168,4710.0
15,r2,r3,r4,r5,0.5628288781309198,0.2075352557356346,0.22963586613344558,4751.0
16,r0,r1,r2,r6,0.5515562142705908,0.22485708236290494,0.22358670336650435,4723.0
17,r0,r1,r3,r6,0.5454353784524563,0.22158971115327852,0.23297491039426524,4743.0
18,r0,r2,r3,r6,0.32993934142114384,0.3243067590987868,0.34575389948006935,4616.0
19,r1,r2,r3,r6,0.3284940411700975,0.3339111592632719,0.3375947995666306,4615.0
20,r0,r1,r4,r6,0.5684946008892653,0.2174465382172348,0.2140588608934999,4723.0
21,r0,r2,r4,r6,0.36391571553994734,0.3283582089552239,0.3077260755048288,4556.0
22,r1,r2,r4,r6,0.36524978089395266,0.3244960560911481,0.3102541630148992,4564.0
23,r0,r3,r4,r6,0.3631394840402274,0.3124180148666375,0.3244425010931351,4574.0
24,r1,r3,r4,r6,0.3666085440278989,0.30884917175239757,0.32454228421970355,4588.0
25,r2,r3,r4,r6,0.3697167755991285,0.29782135076252725,0.33246187363834423,4590.0
26,r0,r1,r5,r6,0.5690677966101695,0.22097457627118644,0.20995762711864407,4720.0
27,r0,r2,r5,r6,0.3592381786339755,0.3235551663747811,0.31720665499124345,4568.0
28,r1,r2,r5,r6,0.35757972913936215,0.32044560943643513,0.3219746614242027,4578.0
29,r0,r3,r5,r6,0.36337905508382323,0.31286740692357934,0.32375353799259743,4593.0
30,r1,r3,r5,r6,0.37173344947735193,0.3055313588850174,0.32273519163763065,4592.0
31,r2,r3,r5,r6,0.3633992610302108,0.3097152792871115,0.3268854596826777,4601.0
32,r0,r4,r5,r6,0.2319180712609345,0.2263708128867079,0.5417111158523575,4687.0
33,r1,r4,r5,r6,0.22326374094588836,0.2294418406476353,0.5472944184064763,4694.0
34,r2,r4,r5,r6,0.21922750424448217,0.23132427843803055,0.5494482173174873,4712.0
35,r3,r4,r5,r6,0.23382663847780127,0.23192389006342495,0.5342494714587738,4730.0
36,r0,r1,r2,r7,0.5575577697689209,0.22005511977952089,0.2223871104515582,4717.0
37,r0,r1,r3,r7,0.548577449947313,0.21959957850368808,0.23182297154899895,4745.0
38,r0,r2,r3,r7,0.3270152505446623,0.330718954248366,0.3422657952069717,4590.0
39,r1,r2,r3,r7,0.33260680034873585,0.33217088055797733,0.3352223190932868,4588.0
40,r0,r1,r4,r7,0.5601960366503302,0.22288514809290433,0.2169188152567654,4693.0
41,r0,r2,r4,r7,0.3519982433025911,0.3328941589811155,0.3151075977162934,4554.0
42,r1,r2,r4,r7,0.35723684210526313,0.3263157894736842,0.31644736842105264,4560.0
43,r0,r3,r4,r7,0.35376532399299476,0.32990367775831875,0.3163309982486865,4568.0
44,r1,r3,r4,r7,0.3580327868852459,0.3217486338797814,0.32021857923497266,4575.0
45,r2,r3,r4,r7,0.36278359511343805,0.31086387434554974,0.3263525305410122,4584.0
46,r0,r1,r5,r7,0.5669274688094734,0.22034256713893,0.21272996405159653,4729.0
47,r0,r2,r5,r7,0.3575005443065534,0.32876115828434577,0.3137382974091008,4593.0
48,r1,r2,r5,r7,0.3636561954624782,0.32329842931937175,0.31304537521815007,4584.0
49,r0,r3,r5,r7,0.3610747051114024,0.3254696373962429,0.31345565749235477,4578.0
50,r1,r3,r5,r7,0.3767138193688792,0.31926006528835693,0.30402611534276386,4595.0
51,r2,r3,r5,r7,0.36424847958297135,0.31385751520417027,0.3218940052128584,4604.0
52,r0,r4,r5,r7,0.24219247928616955,0.22094752496282133,0.5368599957510092,4707.0
53,r1,r4,r5,r7,0.24202467035304126,0.2247979583156104,0.5331773713313483,4702.0
54,r2,r4,r5,r7,0.22740772168010182,0.2261349172677132,0.546457361052185,4714.0
55,r3,r4,r5,r7,0.23921818568090078,0.22094752496282133,0.5398342893562779,4707.0
56,r0,r1,r6,r7,0.5763962065331928,0.20864067439409906,0.21496311907270813,4745.0
57,r0,r2,r6,r7,0.3673558215451578,0.32165397170837867,0.31099020674646355,4595.0
58,r1,r2,r6,r7,0.36977700801039187,0.3217146568521325,0.30850833513747566,4619.0
59,r0,r3,r6,r7,0.37383177570093457,0.3216692023473158,0.3044990219517496,4601.0
60,r1,r3,r6,r7,0.37689640225400955,0.32358040745557,0.29952319029042046,4614.0
61,r2,r3,r6,r7,0.37929543980981195,0.3122973849146315,0.3084071752755565,4627.0
62,r0,r4,r6,r7,0.3482240139463936,0.3218566136413162,0.32991937241229025,4589.0
63,r1,r4,r6,r7,0.3463137169109604,0.32640560052504924,0.3272806825639904,4571.0
64,r2,r4,r6,r7,0.3371814419516445,0.3297756480069702,0.3330429100413853,4591.0
65,r3,r4,r6,r7,0.353515625,0.3129340277777778,0.3335503472222222,4608.0
66,r0,r5,r6,r7,0.34572490706319703,0.33151104307894164,0.32276404985786133,4573.0
67,r1,r5,r6,r7,0.3440977525638228,0.3382064150120009,0.3176958324241763,4583.0
68,r2,r5,r6,r7,0.339266333839809,0.33297156500976777,0.32776210115042326,4607.0
69,r3,r5,r6,r7,0.3468233246301131,0.32506527415143605,0.32811140121845084,4596.0
70,r4,r5,r6,r7,0.551665605771271,0.23339698705707618,0.21493740717165288,4713.0
