qind,t1,t2,t3,t4,CF12_34,CF13_24,CF14_23,ngenes
1,r0,r1,r2,r3,0.42607211435886494,0.2878173671858332,0.2861105184553019,4687.0
2,r0,r1,r2,r4,0.43167768066510337,0.2816030697079514,0.2867192496269452,4691.0
3,r0,r1,r3,r4,0.5211837342984884,0.24164360229934,0.2371726634021716,4697.0
4,r0,r2,r3,r4,0.42764438676184297,0.2874756651524984,0.28487994808565864,4623.0
5,r1,r2,r3,r4,0.43008887925428135,0.28701495772815955,0.2828961630175591,4613.0
6,r0,r1,r2,r5,0.42781090289608176,0.28492333901192507,0.2872657580919932,4696.0
7,r0,r1,r3,r5,0.5223175965665237,0.24012875536480688,0.23755364806866952,4660.0
8,r0,r2,r3,r5,0.4363478638039471,0.2858382129689872,0.2778139232270657,4611.0
9,r1,r2,r3,r5,0.43609841062486393,0.284345743522752,0.2795558458523841,4593.0
10,r0,r1,r4,r5,0.521505376344086,0.24387096774193548,0.2346236559139785,4650.0
11,r0,r2,r4,r5,0.43599217561399695,0.28515540099978265,0.2788524233862204,4601.0
12,r1,r2,r4,r5,0.4406372762985596,0.2752073330423396,0.28415539065910084,4582.0
13,r0,r3,r4,r5,0.33355292050944224,0.3388230127360562,0.32762406675450156,4554.0
14,r1,r3,r4,r5,0.3312254688181422,0.3406018316615787,0.3281726995202791,4586.0
15,r2,r3,r4,r5,0.33552055993000873,0.33727034120734906,0.32720909886264216,4572.0
16,r0,r1,r2,r6,0.4209965928449744,0.28577512776831343,0.2932282793867121,4696.0
17,r0,r1,r3,r6,0.5194361384023921,0.2375053395984622,0.24305852199914565,4682.0
18,r0,r2,r3,r6,0.4361564918314703,0.27815993121238175,0.2856835769561479,4652.0
19,r1,r2,r3,r6,0.43816330950833876,0.2783192549274421,0.2835174355642192,4617.0
20,r0,r1,r4,r6,0.5225032147449635,0.24303471924560652,0.23446206600942993,4666.0
21,r0,r2,r4,r6,0.4334198011240813,0.2875054042369217,0.279074794638997,4626.0
22,r1,r2,r4,r6,0.4343128781331029,0.2750648228176318,0.29062229904926534,4628.0
23,r0,r3,r4,r6,0.33398950131233596,0.3416447944006999,0.32436570428696415,4572.0
24,r1,r3,r4,r6,0.3355880427667467,0.3347152520183286,0.3296967052149247,4583.0
25,r2,r3,r4,r6,0.33688560243584165,0.34710743801652894,0.3160069595476294,4598.0
26,r0,r1,r5,r6,0.5243277848911652,0.23580879214682032,0.23986342296201452,4686.0
27,r0,r2,r5,r6,0.441485935151385,0.2791496671677045,0.2793643976809105,4657.0
28,r1,r2,r5,r6,0.44821658788139235,0.2707348517404383,0.28104856037816933,4654.0
29,r0,r3,r5,r6,0.3330430996952547,0.34087940792337834,0.326077492381367,4594.0
30,r1,r3,r5,r6,0.3318042813455658,0.33529925731760596,0.3328964613368283,4578.0
31,r2,r3,r5,r6,0.34045835169678274,0.33935654473336274,0.3201851035698546,4538.0
32,r0,r4,r5,r6,0.33653846153846156,0.33151223776223776,0.3319493006993007,4576.0
33,r1,r4,r5,r6,0.33405923344947736,0.3320993031358885,0.33384146341463417,4592.0
34,r2,r4,r5,r6,0.3435114503816794,0.32889858233369684,0.32758996728462375,4585.0
35,r3,r4,r5,r6,0.32754126846220677,0.3325369244135534,0.3399218071242398,4604.0
36,r0,r1,r2,r7,0.42202996412745303,0.28297109094745726,0.29499894492508966,4739.0
37,r0,r1,r3,r7,0.5135532674931709,0.24185753309518807,0.2445891994116411,4759.0
38,r0,r2,r3,r7,0.43552519214346713,0.2745516652433817,0.28992314261315116,4684.0
39,r1,r2,r3,r7,0.430222602739726,0.2795376712328767,0.2902397260273973,4672.0
40,r0,r1,r4,r7,0.5262823230182281,0.23802458668927512,0.23569309029249683,4718.0
41,r0,r2,r4,r7,0.4330910645575032,0.28366823428815735,0.28324070115433947,4678.0
42,r1,r2,r4,r7,0.4364415862808146,0.2782422293676313,0.28531618435155415,4665.0
43,r0,r3,r4,r7,0.3349178910976664,0.33772687986171135,0.3273552290406223,4628.0
44,r1,r3,r4,r7,0.3334769495906937,0.33239982766049114,0.3341232227488152,4642.0
45,r2,r3,r4,r7,0.337583747568619,0.3347741517181759,0.3276421007132051,4627.0
46,r0,r1,r5,r7,0.5249788314987299,0.23285351397121085,0.24216765453005928,4724.0
47,r0,r2,r5,r7,0.44579598804950915,0.2680324370465216,0.2861715749039693,4686.0
48,r1,r2,r5,r7,0.45003209929381555,0.2694200727583993,0.28054782794778516,4673.0
49,r0,r3,r5,r7,0.3458225667527993,0.33031869078380705,0.32385874246339363,4644.0
50,r1,r3,r5,r7,0.3393860786856896,0.32749675745784695,0.33311716385646345,4626.0
51,r2,r3,r5,r7,0.34836332104920875,0.33188814220680685,0.3197485367439844,4613.0
52,r0,r4,r5,r7,0.34818517713540537,0.3207998261247555,0.33101499673983914,4601.0
53,r1,r4,r5,r7,0.33925092011257846,0.32647759255250053,0.33427148733492096,4619.0
54,r2,r4,r5,r7,0.3485377564382366,0.32605848974247054,0.3254037538192929,4582.0
55,r3,r4,r5,r7,0.33204301075268816,0.3352688172043011,0.33268817204301077,4650.0
56,r0,r1,r6,r7,0.5864773208986859,0.2032640949554896,0.2102585841458245,4718.0
57,r0,r2,r6,r7,0.5155679622074297,0.23620356452651922,0.2482284732660511,4657.0
58,r1,r2,r6,r7,0.5228577503721029,0.23729534339783118,0.2398469062300659,4703.0
59,r0,r3,r6,r7,0.42922275293095963,0.28419452887537994,0.28658271819366044,4606.0
60,r1,r3,r6,r7,0.42464864864864865,0.28562162162162164,0.2897297297297297,4625.0
61,r2,r3,r6,r7,0.441527446300716,0.2766326752006943,0.2818398784985897,4609.0
62,r0,r4,r6,r7,0.43130434782608695,0.2847826086956522,0.28391304347826085,4600.0
63,r1,r4,r6,r7,0.4229189189189189,0.29427027027027025,0.28281081081081083,4625.0
64,r2,r4,r6,r7,0.43541712045306036,0.2879546939664561,0.2766281855804836,4591.0
65,r3,r4,r6,r7,0.4198143751349018,0.292467083962875,0.2877185409022232,4633.0
66,r0,r5,r6,r7,0.42163451116410144,0.29893778452200304,0.2794277043138955,4613.0
67,r1,r5,r6,r7,0.4170110941918643,0.3001957798564281,0.28279312595170764,4597.0
68,r2,r5,r6,r7,0.43138528138528137,0.2961038961038961,0.27251082251082254,4620.0
69,r3,r5,r6,r7,0.41767764298093585,0.2993934142114385,0.28292894280762565,4616.0
70,r4,r5,r6,r7,0.41995661605206075,0.293058568329718,0.28698481561822126,4610.0
