qind,t1,t2,t3,t4,CF12_34,CF13_24,CF14_23,ngenes
1,r0,r1,r2,r3,0.430775825117874,0.28654093441920275,0.28268324046292326,4666.0
2,r0,r1,r2,r4,0.42130025662959797,0.2880667236954662,0.2906330196749358,4676.0
3,r0,r1,r3,r4,0.5093008338678641,0.24951892238614495,0.241180243745991,4677.0
4,r0,r2,r3,r4,0.4188163884673748,0.2811619336657273,0.3000216778668979,4613.0
5,r1,r2,r3,r4,0.4240328506591744,0.27685325264750377,0.2991138966933218,4627.0
6,r0,r1,r2,r5,0.42404255319148937,0.2825531914893617,0.29340425531914893,4700.0
7,r0,r1,r3,r5,0.5220556745182013,0.23725910064239827,0.24068522483940044,4670.0
8,r0,r2,r3,r5,0.43314459930313587,0.2748257839721254,0.29202961672473865,4592.0
9,r1,r2,r3,r5,0.428819068255688,0.28212351029252436,0.28905742145178764,4615.0
10,r0,r1,r4,r5,0.5171013253527148,0.23428815733219324,0.24861051731509193,4678.0
11,r0,r2,r4,r5,0.4304592720970537,0.2870450606585789,0.2824956672443674,4616.0
12,r1,r2,r4,r5,0.43107173725151254,0.2934312878133103,0.27549697493517716,4628.0
13,r0,r3,r4,r5,0.3387167175905718,0.3387167175905718,0.32256656481885637,4582.0
14,r1,r3,r4,r5,0.3367682525761894,0.34816926112694585,0.31506248629686473,4561.0
15,r2,r3,r4,r5,0.348208397449989,0.3284238294130578,0.3233677731369532,4549.0
16,r0,r1,r2,r6,0.4197399275207845,0.2879982946066937,0.29226177787252183,4691.0
17,r0,r1,r3,r6,0.5078790459965928,0.24041737649063033,0.25170357751277683,4696.0
18,r0,r2,r3,r6,0.41429188255613125,0.2759067357512953,0.30980138169257343,4632.0
19,r1,r2,r3,r6,0.41960614585587536,0.27916035490153646,0.3012334992425882,4621.0
20,r0,r1,r4,r6,0.5070603337612324,0.2415489944373128,0.25139067180145486,4674.0
21,r0,r2,r4,r6,0.42854068015497204,0.28885062419285407,0.2826086956521739,4646.0
22,r1,r2,r4,r6,0.4274246040355826,0.2920373182903016,0.28053807767411587,4609.0
23,r0,r3,r4,r6,0.3374863387978142,0.326775956284153,0.3357377049180328,4575.0
24,r1,r3,r4,r6,0.33398778359511344,0.3324607329842932,0.3335514834205934,4584.0
25,r2,r3,r4,r6,0.3567187156366835,0.31845172641301955,0.3248295579502969,4547.0
26,r0,r1,r5,r6,0.5151515151515151,0.24517906336088155,0.2396694214876033,4719.0
27,r0,r2,r5,r6,0.4227430555555556,0.2914496527777778,0.2858072916666667,4608.0
28,r1,r2,r5,r6,0.4270562770562771,0.2813852813852814,0.2915584415584416,4620.0
29,r0,r3,r5,r6,0.3319429198682766,0.3163556531284303,0.3517014270032931,4555.0
30,r1,r3,r5,r6,0.3364690439728725,0.320936337781667,0.3425946182454605,4571.0
31,r2,r3,r5,r6,0.34701986754966885,0.31986754966887415,0.33311258278145695,4530.0
32,r0,r4,r5,r6,0.3276762402088773,0.33246301131418626,0.3398607484769365,4596.0
33,r1,r4,r5,r6,0.33771065878748086,0.32085795578901294,0.34143138542350626,4569.0
34,r2,r4,r5,r6,0.32286404568416427,0.3373599824291676,0.33977597188666814,4553.0
35,r3,r4,r5,r6,0.3254229839595693,0.34146341463414637,0.3331136014062843,4551.0
36,r0,r1,r2,r7,0.4297520661157025,0.28840856113583385,0.28183937274846366,4719.0
37,r0,r1,r3,r7,0.5192389006342495,0.2437632135306554,0.23699788583509515,4730.0
38,r0,r2,r3,r7,0.4201373980249034,0.2881064834693001,0.29175611850579647,4658.0
39,r1,r2,r3,r7,0.4233168423316842,0.28436222843622283,0.2923209292320929,4649.0
40,r0,r1,r4,r7,0.5143884892086331,0.2437579348286077,0.2418535759627592,4726.0
41,r0,r2,r4,r7,0.4329124759255296,0.2955274983950353,0.27156002567943505,4673.0
42,r1,r2,r4,r7,0.43517523113308965,0.29047516663083206,0.27434960223607824,4651.0
43,r0,r3,r4,r7,0.3461206896551724,0.33232758620689656,0.32155172413793104,4640.0
44,r1,r3,r4,r7,0.3407857607987845,0.33557629693943997,0.32363794226177556,4607.0
45,r2,r3,r4,r7,0.35492957746478876,0.31852654387865653,0.3265438786565547,4615.0
46,r0,r1,r5,r7,0.5234771573604061,0.2436548223350254,0.23286802030456852,4728.0
47,r0,r2,r5,r7,0.42770824341821323,0.29520932239965475,0.2770824341821321,4634.0
48,r1,r2,r5,r7,0.4343521308652604,0.27894963409384416,0.28669823504089537,4646.0
49,r0,r3,r5,r7,0.3349240780911063,0.3264642082429501,0.3386117136659436,4610.0
50,r1,r3,r5,r7,0.3381045326393407,0.3224896985469529,0.3394057688137064,4611.0
51,r2,r3,r5,r7,0.3384849804092294,0.325859817152808,0.33565520243796254,4594.0
52,r0,r4,r5,r7,0.33110871905274486,0.3317545748116254,0.3371367061356297,4645.0
53,r1,r4,r5,r7,0.34031870770574113,0.32678454485920105,0.33289674743505787,4581.0
54,r2,r4,r5,r7,0.3259835711197579,0.33484651967142237,0.33916990920881973,4626.0
55,r3,r4,r5,r7,0.3217146568521325,0.3427148733492098,0.33557046979865773,4619.0
56,r0,r1,r6,r7,0.5857963002338933,0.2102913034233468,0.20391239634275993,4703.0
57,r0,r2,r6,r7,0.5059510928370483,0.25362475654620215,0.24042415061674963,4621.0
58,r1,r2,r6,r7,0.508942038353803,0.2484378366731308,0.24262012497306615,4641.0
59,r0,r3,r6,r7,0.4306553450903549,0.30045721750489873,0.26888743740474635,4593.0
60,r1,r3,r6,r7,0.42603806228373703,0.2960640138408305,0.27789792387543255,4624.0
61,r2,r3,r6,r7,0.44041675710874756,0.28239635337529845,0.277186889515954,4607.0
62,r0,r4,r6,r7,0.4296280182727866,0.2886665216445508,0.2817054600826626,4597.0
63,r1,r4,r6,r7,0.42919485053458434,0.2919485053458433,0.27885664411957234,4583.0
64,r2,r4,r6,r7,0.4165221162185603,0.2918473547267997,0.29163052905464004,4612.0
65,r3,r4,r6,r7,0.41833872707659114,0.28867313915857606,0.2929881337648328,4635.0
66,r0,r5,r6,r7,0.43068231203824425,0.29356801390699694,0.2757496740547588,4602.0
67,r1,r5,r6,r7,0.41723009814612866,0.29770992366412213,0.2850599781897492,4585.0
68,r2,r5,r6,r7,0.42204242291712224,0.29105619943144545,0.2869013776514323,4573.0
69,r3,r5,r6,r7,0.43156974202011367,0.2813729777000437,0.28705728027984256,4574.0
70,r4,r5,r6,r7,0.43218491059747055,0.28434365460095945,0.28347143480157,4586.0
