qind,t1,t2,t3,t4,CF12_34,CF13_24,CF14_23,ngenes
1,r0,r1,r2,r3,0.4306179174684627,0.2901432542227924,0.2792388283087449,4677.0
2,r0,r1,r2,r4,0.4218682737839001,0.29444683598794663,0.28368489022815324,4646.0
3,r0,r1,r3,r4,0.5215618965887149,0.24200815275691911,0.236429950654366,4661.0
4,r0,r2,r3,r4,0.4364785356286773,0.2767487470037045,0.2867727173676182,4589.0
5,r1,r2,r3,r4,0.430622009569378,0.2701174423662462,0.2992605480643758,4598.0
6,r0,r1,r2,r5,0.42487711049369525,0.2880957469544774,0.2870271425518273,4679.0
7,r0,r1,r3,r5,0.5224393386300193,0.23577410350010736,0.2417865578698733,4657.0
8,r0,r2,r3,r5,0.44221105527638194,0.2702643653047848,0.2875245794188333,4577.0
9,r1,r2,r3,r5,0.436080467229072,0.2753623188405797,0.2885572139303483,4623.0
10,r0,r1,r4,r5,0.5202052597819115,0.24139405601881547,0.23840068419927304,4677.0
11,r0,r2,r4,r5,0.43966079582517936,0.28440965427266796,0.2759295499021526,4599.0
12,r1,r2,r4,r5,0.445993031358885,0.28702090592334495,0.26698606271777003,4592.0
13,r0,r3,r4,r5,0.32803882638429294,0.33840723582616367,0.33355393778954334,4533.0
14,r1,r3,r4,r5,0.333920704845815,0.34008810572687226,0.32599118942731276,4540.0
15,r2,r3,r4,r5,0.33355321020228673,0.3333333333333333,0.33311345646437995,4548.0
16,r0,r1,r2,r6,0.4220945083014049,0.2896977437207322,0.2882077479778629,4698.0
17,r0,r1,r3,r6,0.5206152531510361,0.24076052125614186,0.23862422559282204,4681.0
18,r0,r2,r3,r6,0.4404324324324324,0.27394594594594596,0.28562162162162164,4625.0
19,r1,r2,r3,r6,0.4336646499567848,0.2737683664649957,0.29256698357821953,4628.0
20,r0,r1,r4,r6,0.5181623931623932,0.24145299145299146,0.2403846153846154,4680.0
21,r0,r2,r4,r6,0.4372844827586207,0.2773706896551724,0.2853448275862069,4640.0
22,r1,r2,r4,r6,0.43588082901554404,0.2817357512953368,0.2823834196891192,4632.0
23,r0,r3,r4,r6,0.32493426818580196,0.33654688869412797,0.33851884312007013,4564.0
24,r1,r3,r4,r6,0.3242128121606949,0.33615635179153097,0.33963083604777417,4605.0
25,r2,r3,r4,r6,0.3367682525761894,0.3315062486296865,0.3317254987941241,4561.0
26,r0,r1,r5,r6,0.5250106883283454,0.23279179136383069,0.24219752030782385,4678.0
27,r0,r2,r5,r6,0.4441048034934498,0.2770742358078603,0.27882096069868995,4580.0
28,r1,r2,r5,r6,0.4462738301559792,0.2781629116117851,0.2755632582322357,4616.0
29,r0,r3,r5,r6,0.32350352112676056,0.336487676056338,0.34000880281690143,4544.0
30,r1,r3,r5,r6,0.32604417231576643,0.3341351410452657,0.33982068663896786,4573.0
31,r2,r3,r5,r6,0.3413292253521127,0.32944542253521125,0.32922535211267606,4544.0
32,r0,r4,r5,r6,0.33654688869412797,0.3240578439964943,0.33939526730937775,4564.0
33,r1,r4,r5,r6,0.3374125874125874,0.32670454545454547,0.33588286713286714,4576.0
34,r2,r4,r5,r6,0.33604038630377525,0.332089552238806,0.33187006145741876,4556.0
35,r3,r4,r5,r6,0.33610321452000874,0.3310736934178876,0.33282309206210364,4573.0
36,r0,r1,r2,r7,0.41817023986414775,0.2929314370621949,0.28889832307365737,4711.0
37,r0,r1,r3,r7,0.513387165320867,0.25074373140671485,0.2358691032724182,4706.0
38,r0,r2,r3,r7,0.43982074263764404,0.274221084080239,0.2859581732821169,4686.0
39,r1,r2,r3,r7,0.43590850237375917,0.270392749244713,0.2936987483815278,4634.0
40,r0,r1,r4,r7,0.5179139283442866,0.24252702989188044,0.23955904176383294,4717.0
41,r0,r2,r4,r7,0.4471823441182773,0.27276623098350117,0.28005142489822155,4667.0
42,r1,r2,r4,r7,0.44566151202749144,0.2759879725085911,0.27835051546391754,4656.0
43,r0,r3,r4,r7,0.3387202445948897,0.33347892552959163,0.3278008298755187,4579.0
44,r1,r3,r4,r7,0.3290838375108038,0.3357821953327571,0.33513396715643906,4628.0
45,r2,r3,r4,r7,0.3462628023534539,0.3277402484201351,0.325996949226411,4589.0
46,r0,r1,r5,r7,0.5191489361702127,0.24170212765957447,0.23914893617021277,4700.0
47,r0,r2,r5,r7,0.4509043927648579,0.2734711455641688,0.2756244616709733,4644.0
48,r1,r2,r5,r7,0.4467811158798283,0.27467811158798283,0.27854077253218884,4660.0
49,r0,r3,r5,r7,0.3368306010928962,0.3324590163934426,0.3307103825136612,4575.0
50,r1,r3,r5,r7,0.3325379609544469,0.32841648590021694,0.33904555314533624,4610.0
51,r2,r3,r5,r7,0.3471829453991734,0.3295627583206439,0.3232542962801827,4597.0
52,r0,r4,r5,r7,0.33485938521909747,0.33246130368432525,0.3326793110965773,4587.0
53,r1,r4,r5,r7,0.3382480485689506,0.32784041630529054,0.3339115351257589,4612.0
54,r2,r4,r5,r7,0.33478735005452565,0.3360959651035987,0.3291166848418757,4585.0
55,r3,r4,r5,r7,0.33477695972282373,0.335643135556518,0.3295799047206583,4618.0
56,r0,r1,r6,r7,0.5893617021276596,0.20872340425531916,0.20191489361702128,4700.0
57,r0,r2,r6,r7,0.5234207133648474,0.23871938117748173,0.23785990545767083,4654.0
58,r1,r2,r6,r7,0.5246463780540077,0.23467638234033433,0.24067723960565796,4666.0
59,r0,r3,r6,r7,0.43089960886571055,0.28096479791395046,0.288135593220339,4602.0
60,r1,r3,r6,r7,0.4249728555917481,0.28295331161780674,0.2920738327904452,4605.0
61,r2,r3,r6,r7,0.44138834315651604,0.2811613184894128,0.2774503383540712,4581.0
62,r0,r4,r6,r7,0.42657952069716776,0.28823529411764703,0.2851851851851852,4590.0
63,r1,r4,r6,r7,0.42578125,0.28515625,0.2890625,4608.0
64,r2,r4,r6,r7,0.43675417661097854,0.2840095465393795,0.27923627684964203,4609.0
65,r3,r4,r6,r7,0.42891097666378564,0.28759723422644773,0.28349178910976663,4628.0
66,r0,r5,r6,r7,0.42966360856269115,0.2916120576671035,0.27872433377020533,4578.0
67,r1,r5,r6,r7,0.4257404181184669,0.2865853658536585,0.2876742160278746,4592.0
68,r2,r5,r6,r7,0.42882020026121026,0.2908141053548106,0.2803656943839791,4594.0
69,r3,r5,r6,r7,0.4254167568737822,0.28707512448581946,0.2875081186403984,4619.0
70,r4,r5,r6,r7,0.430558574222995,0.28819821777874377,0.28124320799826125,4601.0
