qind,t1,t2,t3,t4,CF12_34,CF13_24,CF14_23,ngenes
1,r0,r1,r2,r3,0.42655548428479795,0.28308744921958523,0.2903570664956168,4677.0
2,r0,r1,r2,r4,0.41334745762711866,0.29279661016949154,0.29385593220338985,4720.0
3,r0,r1,r3,r4,0.5097789115646258,0.24362244897959184,0.2465986394557823,4704.0
4,r0,r2,r3,r4,0.4351409978308026,0.2709327548806941,0.29392624728850325,4610.0
5,r1,r2,r3,r4,0.43026770293609673,0.2759067357512953,0.29382556131260795,4632.0
6,r0,r1,r2,r5,0.4227831989817565,0.28744166313109887,0.28977513788714465,4714.0
7,r0,r1,r3,r5,0.5164319248826291,0.23858301323090056,0.24498506188647035,4686.0
8,r0,r2,r3,r5,0.4357018308631212,0.27615518744551004,0.2881429816913688,4588.0
9,r1,r2,r3,r5,0.4259219322838042,0.2831572137157645,0.29092085400043133,4637.0
10,r0,r1,r4,r5,0.518005540166205,0.24440656296611976,0.23758789686767526,4693.0
11,r0,r2,r4,r5,0.44341850977023833,0.2828000858922053,0.2737814043375564,4657.0
12,r1,r2,r4,r5,0.44218716230819105,0.27858223470931487,0.2792306029824941,4627.0
13,r0,r3,r4,r5,0.337037037037037,0.3300653594771242,0.3328976034858388,4590.0
14,r1,r3,r4,r5,0.34469200524246396,0.3259065093927479,0.32940148536478814,4578.0
15,r2,r3,r4,r5,0.34805421950153037,0.32400524704853517,0.3279405334499344,4574.0
16,r0,r1,r2,r6,0.4069891327509056,0.29554655870445345,0.29746430854464095,4693.0
17,r0,r1,r3,r6,0.5102783725910064,0.23768736616702354,0.25203426124197004,4670.0
18,r0,r2,r3,r6,0.43452768729641694,0.27057546145494027,0.2948968512486428,4605.0
19,r1,r2,r3,r6,0.4280770062729829,0.2783906554185594,0.2935323383084577,4623.0
20,r0,r1,r4,r6,0.5124197002141327,0.24389721627408995,0.2436830835117773,4670.0
21,r0,r2,r4,r6,0.43710895361380797,0.2759439050701187,0.28694714131607335,4635.0
22,r1,r2,r4,r6,0.43343386471348555,0.2768203360620422,0.2897457992244722,4642.0
23,r0,r3,r4,r6,0.337896566710126,0.3294219904389396,0.3326814428509344,4602.0
24,r1,r3,r4,r6,0.34597053726169846,0.32344020797227035,0.3305892547660312,4616.0
25,r2,r3,r4,r6,0.3492582897033159,0.3213350785340314,0.3294066317626527,4584.0
26,r0,r1,r5,r6,0.5197679415556511,0.23291792006875806,0.24731413837559088,4654.0
27,r0,r2,r5,r6,0.4416792901969271,0.27093702661761526,0.2873836831854577,4621.0
28,r1,r2,r5,r6,0.4388816644993498,0.27741655830082357,0.2837017771998266,4614.0
29,r0,r3,r5,r6,0.33859303090072324,0.32610124917817224,0.33530571992110453,4563.0
30,r1,r3,r5,r6,0.34991235758106926,0.32230499561787906,0.32778264680105174,4564.0
31,r2,r3,r5,r6,0.35193321616871703,0.32051845342706503,0.32754833040421794,4552.0
32,r0,r4,r5,r6,0.3347179711412331,0.3191954525579362,0.3460865763008308,4574.0
33,r1,r4,r5,r6,0.3355924792304329,0.32487975513773504,0.33952776563183207,4574.0
34,r2,r4,r5,r6,0.33814207650273226,0.3291803278688525,0.3326775956284153,4575.0
35,r3,r4,r5,r6,0.33982068663896786,0.32844959545156355,0.33172971790946865,4573.0
36,r0,r1,r2,r7,0.41160337552742615,0.2907172995780591,0.29767932489451476,4740.0
37,r0,r1,r3,r7,0.5199406024607552,0.23080186677980483,0.24925753075943996,4714.0
38,r0,r2,r3,r7,0.4386153515373038,0.26789937647817674,0.29348527198451946,4651.0
39,r1,r2,r3,r7,0.43997432056494756,0.27583993152150654,0.2841857479135459,4673.0
40,r0,r1,r4,r7,0.5126315789473684,0.24168421052631578,0.24568421052631578,4750.0
41,r0,r2,r4,r7,0.4455847765661749,0.2800940774000428,0.2743211460337823,4677.0
42,r1,r2,r4,r7,0.44342442356959866,0.28202391118701964,0.2745516652433817,4684.0
43,r0,r3,r4,r7,0.3322566752799311,0.3354866494401378,0.3322566752799311,4644.0
44,r1,r3,r4,r7,0.34389823199655023,0.3350582147477361,0.32104355325571365,4638.0
45,r2,r3,r4,r7,0.3501406621943302,0.3209262064488206,0.32893313135684915,4621.0
46,r0,r1,r5,r7,0.5209390862944162,0.23202199661590525,0.2470389170896785,4728.0
47,r0,r2,r5,r7,0.43782161234991424,0.2768010291595197,0.28537735849056606,4664.0
48,r1,r2,r5,r7,0.4446831364124597,0.27755102040816326,0.277765843179377,4655.0
49,r0,r3,r5,r7,0.33614718614718614,0.3300865800865801,0.33376623376623377,4620.0
50,r1,r3,r5,r7,0.3461371527777778,0.3253038194444444,0.3285590277777778,4608.0
51,r2,r3,r5,r7,0.3463119186675319,0.3242483235993943,0.32943975773307377,4623.0
52,r0,r4,r5,r7,0.3330438558402084,0.3245766391663048,0.34237950499348674,4606.0
53,r1,r4,r5,r7,0.3392470791864994,0.3271311120726958,0.3336218087408048,4622.0
54,r2,r4,r5,r7,0.3299327110918168,0.32928152810939876,0.3407857607987845,4607.0
55,r3,r4,r5,r7,0.3316745997403721,0.33491994807442665,0.33340545218520123,4622.0
56,r0,r1,r6,r7,0.5727040816326531,0.21215986394557823,0.2151360544217687,4704.0
57,r0,r2,r6,r7,0.5114487481275412,0.24994650117697412,0.2386047506954847,4673.0
58,r1,r2,r6,r7,0.5210425122837,0.24481948301644949,0.23413800469985047,4681.0
59,r0,r3,r6,r7,0.4133275261324042,0.29747386759581884,0.289198606271777,4592.0
60,r1,r3,r6,r7,0.41992651826237304,0.2988977739355954,0.28117570780203155,4627.0
61,r2,r3,r6,r7,0.4257447271145901,0.29158512720156554,0.2826701456838443,4599.0
62,r0,r4,r6,r7,0.41196953210010884,0.300544069640914,0.28748639825897715,4595.0
63,r1,r4,r6,r7,0.4188276312922205,0.3018086729134888,0.2793636957942907,4589.0
64,r2,r4,r6,r7,0.4192357794181502,0.2941815023881893,0.28658271819366044,4606.0
65,r3,r4,r6,r7,0.4127087399696378,0.29277813923227064,0.2945131207980915,4611.0
66,r0,r5,r6,r7,0.4088723776223776,0.29676573426573427,0.2943618881118881,4576.0
67,r1,r5,r6,r7,0.4163034001743679,0.30056669572798606,0.28312990409764605,4588.0
68,r2,r5,r6,r7,0.41062906724511933,0.29067245119305857,0.2986984815618221,4610.0
69,r3,r5,r6,r7,0.412532637075718,0.2891644908616188,0.2983028720626632,4596.0
70,r4,r5,r6,r7,0.4225750326228795,0.28338408003479776,0.29404088734232275,4598.0
