qind,t1,t2,t3,t4,CF12_34,CF13_24,CF14_23,ngenes
1,r0,r1,r2,r3,0.43468035065212746,0.2702587128501176,0.29506093649775494,4677.0
2,r0,r1,r2,r4,0.42263180454350624,0.273253321903129,0.30411487355336475,4666.0
3,r0,r1,r3,r4,0.5160872381774995,0.23321096955301232,0.25070179226948824,4631.0
4,r0,r2,r3,r4,0.42415669205658324,0.27878128400435254,0.2970620239390642,4595.0
5,r1,r2,r3,r4,0.44084384515006525,0.27555458895171814,0.2836015658982166,4598.0
6,r0,r1,r2,r5,0.42930044652349564,0.2740803742292154,0.296619179247289,4703.0
7,r0,r1,r3,r5,0.5171232876712328,0.2377996575342466,0.24507705479452055,4672.0
8,r0,r2,r3,r5,0.4312459651387992,0.2816871099634173,0.2870669248977835,4647.0
9,r1,r2,r3,r5,0.44132267127728547,0.2818240760752107,0.27685325264750377,4627.0
10,r0,r1,r4,r5,0.5140407288317256,0.24758842443729903,0.23837084673097536,4665.0
11,r0,r2,r4,r5,0.42854068015497204,0.2925096857511838,0.27894963409384416,4646.0
12,r1,r2,r4,r5,0.4485516645049719,0.27993947254647644,0.27150886294855164,4626.0
13,r0,r3,r4,r5,0.33699231613611413,0.332821075740944,0.3301866081229418,4555.0
14,r1,r3,r4,r5,0.3468131868131868,0.3243956043956044,0.32879120879120877,4550.0
15,r2,r3,r4,r5,0.3414207650273224,0.32524590163934425,0.3333333333333333,4575.0
16,r0,r1,r2,r6,0.4185699039487727,0.28153681963713983,0.29989327641408753,4685.0
17,r0,r1,r3,r6,0.5092889173606663,0.2395900064061499,0.25112107623318386,4683.0
18,r0,r2,r3,r6,0.42343312513461123,0.2786991169502477,0.2978677579151411,4643.0
19,r1,r2,r3,r6,0.44141217240632447,0.27485380116959063,0.2837340264240849,4617.0
20,r0,r1,r4,r6,0.5144632526248125,0.24726805228197987,0.23826869509320764,4667.0
21,r0,r2,r4,r6,0.42527496226008193,0.28747034720724607,0.287254690532672,4637.0
22,r1,r2,r4,r6,0.44872899612236106,0.2714347264110297,0.2798362774666092,4642.0
23,r0,r3,r4,r6,0.3295379899277425,0.32888110356908257,0.34158090650317496,4567.0
24,r1,r3,r4,r6,0.3475795900566943,0.31901439162668993,0.33340601831661576,4586.0
25,r2,r3,r4,r6,0.3409785932721712,0.32940148536478814,0.32961992136304064,4578.0
26,r0,r1,r5,r6,0.5150544522741832,0.2436472346786248,0.24129831304719196,4683.0
27,r0,r2,r5,r6,0.4284176533907427,0.28051668460710444,0.29106566200215284,4645.0
28,r1,r2,r5,r6,0.4490191851692175,0.2660056046561759,0.2849752101746066,4639.0
29,r0,r3,r5,r6,0.3373913043478261,0.3265217391304348,0.33608695652173914,4600.0
30,r1,r3,r5,r6,0.3446019629225736,0.3249727371864776,0.33042529989094876,4585.0
31,r2,r3,r5,r6,0.34471509351892127,0.3334058286211396,0.3218790778599391,4598.0
32,r0,r4,r5,r6,0.33040807371654235,0.3290917068889864,0.3405002193944713,4558.0
33,r1,r4,r5,r6,0.325729326606712,0.33559991226146085,0.33867076113182715,4559.0
34,r2,r4,r5,r6,0.3241590214067278,0.3438182612494539,0.3320227173438183,4578.0
35,r3,r4,r5,r6,0.3386428103862099,0.3266419375954615,0.3347152520183286,4583.0
36,r0,r1,r2,r7,0.4212982605006364,0.28362324989393295,0.29507848960543065,4714.0
37,r0,r1,r3,r7,0.5128150815505189,0.24041516627833087,0.2467697521711502,4721.0
38,r0,r2,r3,r7,0.42835692835692835,0.2799227799227799,0.29172029172029174,4662.0
39,r1,r2,r3,r7,0.44286330314790856,0.2742561448900388,0.2828805519620526,4638.0
40,r0,r1,r4,r7,0.5127442650807137,0.25084961767204755,0.23640611724723876,4708.0
41,r0,r2,r4,r7,0.4273522509067634,0.28440366972477066,0.28824407936846597,4687.0
42,r1,r2,r4,r7,0.4399059024807528,0.2713857998289136,0.2887082976903336,4676.0
43,r0,r3,r4,r7,0.33369400562648777,0.3334776022505951,0.3328283921229171,4621.0
44,r1,r3,r4,r7,0.3433094773368033,0.328562134027326,0.32812838863587074,4611.0
45,r2,r3,r4,r7,0.3425725422260719,0.3371589432654829,0.32026851450844523,4618.0
46,r0,r1,r5,r7,0.5219501899535669,0.24187420852680455,0.23617560151962855,4738.0
47,r0,r2,r5,r7,0.4388688071443759,0.2774824580055284,0.2836487348500957,4703.0
48,r1,r2,r5,r7,0.45250212044105176,0.26463104325699743,0.2828668363019508,4716.0
49,r0,r3,r5,r7,0.34391761424587,0.3246084531216477,0.3314739326324823,4661.0
50,r1,r3,r5,r7,0.34913793103448276,0.3245689655172414,0.3262931034482759,4640.0
51,r2,r3,r5,r7,0.3473208521626856,0.33118140735958684,0.32149774047772756,4647.0
52,r0,r4,r5,r7,0.35207612456747406,0.32482698961937717,0.32309688581314877,4624.0
53,r1,r4,r5,r7,0.3494054054054054,0.32194594594594594,0.3286486486486486,4625.0
54,r2,r4,r5,r7,0.34602899805236964,0.3321791819952391,0.32179181995239126,4621.0
55,r3,r4,r5,r7,0.3464362850971922,0.3287257019438445,0.3248380129589633,4630.0
56,r0,r1,r6,r7,0.5887473460721868,0.21040339702760086,0.20084925690021233,4710.0
57,r0,r2,r6,r7,0.5100685518423308,0.2480719794344473,0.24185946872322195,4668.0
58,r1,r2,r6,r7,0.5296017222820237,0.23444564047362756,0.23595263724434876,4645.0
59,r0,r3,r6,r7,0.42580504786771106,0.30156657963446476,0.2726283724978242,4596.0
60,r1,r3,r6,r7,0.4371750433275563,0.2874783362218371,0.2753466204506066,4616.0
61,r2,r3,r6,r7,0.43714658547194435,0.2875163114397564,0.2753371030882993,4598.0
62,r0,r4,r6,r7,0.42779232111692844,0.2951570680628272,0.27705061082024435,4584.0
63,r1,r4,r6,r7,0.4243733794295592,0.2910544511668107,0.28457216940363006,4628.0
64,r2,r4,r6,r7,0.43490545533579655,0.28624212127798304,0.2788524233862204,4601.0
65,r3,r4,r6,r7,0.42641346568839017,0.2887354337505395,0.2848511005610703,4634.0
66,r0,r5,r6,r7,0.42036553524804177,0.3087467362924282,0.27088772845953,4596.0
67,r1,r5,r6,r7,0.4169204001739887,0.30578512396694213,0.27729447585906913,4598.0
68,r2,r5,r6,r7,0.4275189599133261,0.2981581798483207,0.27432286023835317,4615.0
69,r3,r5,r6,r7,0.4247171453437772,0.2950391644908616,0.28024369016536116,4596.0
70,r4,r5,r6,r7,0.4238022978538912,0.3000216778668979,0.27617602427921095,4613.0
