qind,t1,t2,t3,t4,CF12_34,CF13_24,CF14_23,ngenes
1,r0,r1,r2,r3,0.41563960900977476,0.2845303867403315,0.29983000424989376,4706.0
2,r0,r1,r2,r4,0.41377118644067795,0.2879237288135593,0.2983050847457627,4720.0
3,r0,r1,r3,r4,0.5107332624867162,0.24760892667375134,0.24165781083953242,4705.0
4,r0,r2,r3,r4,0.44731182795698926,0.27440860215053764,0.2782795698924731,4650.0
5,r1,r2,r3,r4,0.4470284237726098,0.2715331610680448,0.28143841515934537,4644.0
6,r0,r1,r2,r5,0.417923125929072,0.2837120407729879,0.2983648332979401,4709.0
7,r0,r1,r3,r5,0.5116731517509727,0.24297449200172935,0.24535235624729787,4626.0
8,r0,r2,r3,r5,0.43759562841530053,0.2762841530054645,0.286120218579235,4575.0
9,r1,r2,r3,r5,0.43819248316315446,0.2780795133608516,0.2837280034759939,4603.0
10,r0,r1,r4,r5,0.5146273756139227,0.24044415972667094,0.24492846465940638,4683.0
11,r0,r2,r4,r5,0.44210297631979145,0.2826417553769281,0.27525526830328045,4603.0
12,r1,r2,r4,r5,0.4551754006063231,0.2791251624079688,0.2656994369857081,4618.0
13,r0,r3,r4,r5,0.335676625659051,0.3317223198594025,0.3326010544815466,4552.0
14,r1,r3,r4,r5,0.33370019810697776,0.3403037640325776,0.3259960378604446,4543.0
15,r2,r3,r4,r5,0.3432082510423524,0.32960280886548166,0.3271889400921659,4557.0
16,r0,r1,r2,r6,0.4126679462571977,0.28620174877372573,0.30113030496907656,4689.0
17,r0,r1,r3,r6,0.5075903356852683,0.2514432328415651,0.24096643147316657,4677.0
18,r0,r2,r3,r6,0.4389980565752537,0.28417188512200386,0.2768300583027424,4631.0
19,r1,r2,r3,r6,0.4431499460625674,0.2740021574973031,0.2828478964401295,4635.0
20,r0,r1,r4,r6,0.513034188034188,0.2403846153846154,0.2465811965811966,4680.0
21,r0,r2,r4,r6,0.43752711496746205,0.2848156182212581,0.27765726681127983,4610.0
22,r1,r2,r4,r6,0.45232432432432434,0.2789189189189189,0.26875675675675675,4625.0
23,r0,r3,r4,r6,0.3373127848925548,0.324506186238333,0.3381810288691122,4607.0
24,r1,r3,r4,r6,0.3368972288893738,0.3294785075278202,0.333624263582806,4583.0
25,r2,r3,r4,r6,0.3391153512575889,0.3237207285342585,0.33716392020815267,4612.0
26,r0,r1,r5,r6,0.5213178294573644,0.23708010335917312,0.24160206718346253,4644.0
27,r0,r2,r5,r6,0.44694323144104803,0.27641921397379915,0.2766375545851528,4580.0
28,r1,r2,r5,r6,0.4619212462137603,0.26546949372565987,0.27260926006057984,4622.0
29,r0,r3,r5,r6,0.3454665784248842,0.32406794617251267,0.3304654754026031,4533.0
30,r1,r3,r5,r6,0.3492939099735216,0.323036187113857,0.3276699029126214,4532.0
31,r2,r3,r5,r6,0.3497243660418964,0.32436604189636165,0.325909592061742,4535.0
32,r0,r4,r5,r6,0.3429571303587052,0.31977252843394577,0.33727034120734906,4572.0
33,r1,r4,r5,r6,0.34994535519125686,0.32021857923497266,0.3298360655737705,4575.0
34,r2,r4,r5,r6,0.3349334497054331,0.3296967052149247,0.3353698450796422,4583.0
35,r3,r4,r5,r6,0.34142607174103234,0.3289588801399825,0.3296150481189851,4572.0
36,r0,r1,r2,r7,0.41557619248628114,0.2836639932460954,0.3007598142676235,4738.0
37,r0,r1,r3,r7,0.5072186836518047,0.24777070063694268,0.24501061571125266,4710.0
38,r0,r2,r3,r7,0.4370719178082192,0.2816780821917808,0.28125,4672.0
39,r1,r2,r3,r7,0.4391704083814411,0.28073551421851617,0.2800940774000428,4677.0
40,r0,r1,r4,r7,0.517891170865975,0.23607876349777684,0.24603006563624816,4723.0
41,r0,r2,r4,r7,0.4453727506426735,0.2814910025706941,0.2731362467866324,4668.0
42,r1,r2,r4,r7,0.4573942906203048,0.2764541747156042,0.266151534664091,4659.0
43,r0,r3,r4,r7,0.3411993938081836,0.3262610954752111,0.3325395107166053,4619.0
44,r1,r3,r4,r7,0.3373939525777681,0.33086795736349794,0.33173809005873395,4597.0
45,r2,r3,r4,r7,0.3409928463039237,0.32733579015824843,0.3316713635378279,4613.0
46,r0,r1,r5,r7,0.5196265648207087,0.24294504561850203,0.2374283895607893,4713.0
47,r0,r2,r5,r7,0.44377423524342957,0.2794054286945282,0.2768203360620422,4642.0
48,r1,r2,r5,r7,0.45308826672365893,0.2680059841846548,0.27890574909168625,4679.0
49,r0,r3,r5,r7,0.33596145422689444,0.33771353482260186,0.3263250109505037,4566.0
50,r1,r3,r5,r7,0.34266345943581894,0.3312923682484146,0.32604417231576643,4573.0
51,r2,r3,r5,r7,0.34472185720543147,0.33158125273762595,0.32369689005694263,4566.0
52,r0,r4,r5,r7,0.3376003471468865,0.3323931438489911,0.3300065090041224,4609.0
53,r1,r4,r5,r7,0.3459023539668701,0.32497820401046207,0.32911944202266785,4588.0
54,r2,r4,r5,r7,0.33318824809575626,0.3323177366702938,0.33449401523394995,4595.0
55,r3,r4,r5,r7,0.34077123050259966,0.33015597920277295,0.3290727902946274,4616.0
56,r0,r1,r6,r7,0.5869472789115646,0.2059948979591837,0.2070578231292517,4704.0
57,r0,r2,r6,r7,0.5163581575548859,0.24128282393456738,0.2423590185105467,4646.0
58,r1,r2,r6,r7,0.5283261802575108,0.23562231759656652,0.23605150214592274,4660.0
59,r0,r3,r6,r7,0.4328683522231909,0.2820401046207498,0.2850915431560593,4588.0
60,r1,r3,r6,r7,0.4283854166666667,0.2816840277777778,0.2899305555555556,4608.0
61,r2,r3,r6,r7,0.42677642980935876,0.2848786828422877,0.28834488734835356,4616.0
62,r0,r4,r6,r7,0.426791958041958,0.2950174825174825,0.2781905594405594,4576.0
63,r1,r4,r6,r7,0.42943722943722945,0.2922077922077922,0.27835497835497836,4620.0
64,r2,r4,r6,r7,0.4206971677559913,0.2980392156862745,0.2812636165577342,4590.0
65,r3,r4,r6,r7,0.4300194091007117,0.2937243907698943,0.276256200129394,4637.0
66,r0,r5,r6,r7,0.4178383128295255,0.2950351493848858,0.2871265377855888,4552.0
67,r1,r5,r6,r7,0.4089519650655022,0.2908296943231441,0.3002183406113537,4580.0
68,r2,r5,r6,r7,0.41577685770320333,0.2906951405534975,0.2935280017432992,4589.0
69,r3,r5,r6,r7,0.4196778406617327,0.28994340444057465,0.29037875489769266,4594.0
70,r4,r5,r6,r7,0.42025206431986095,0.2781399391568883,0.30160799652325077,4602.0
