qind,t1,t2,t3,t4,CF12_34,CF13_24,CF14_23,ngenes
1,r0,r1,r2,r3,0.4202682563338301,0.295507770917607,0.2842239727485629,4697.0
2,r0,r1,r2,r4,0.4178023850085179,0.28577512776831343,0.29642248722316866,4696.0
3,r0,r1,r3,r4,0.5004260758414998,0.2484022155943758,0.2511717085641244,4694.0
4,r0,r2,r3,r4,0.4288482238966631,0.2807319698600646,0.29041980624327235,4645.0
5,r1,r2,r3,r4,0.4346236559139785,0.27720430107526883,0.28817204301075267,4650.0
6,r0,r1,r2,r5,0.41857993197278914,0.28125,0.30017006802721086,4704.0
7,r0,r1,r3,r5,0.5041872450075155,0.23985398325101998,0.2559587717414645,4657.0
8,r0,r2,r3,r5,0.424886191198786,0.2844136137004119,0.2907001951008021,4613.0
9,r1,r2,r3,r5,0.4376216216216216,0.28497297297297297,0.2774054054054054,4625.0
10,r0,r1,r4,r5,0.5117621899059025,0.2440119760479042,0.24422583404619333,4676.0
11,r0,r2,r4,r5,0.43499784761084803,0.2877744296168747,0.27722772277227725,4646.0
12,r1,r2,r4,r5,0.4546626557799742,0.28061882251826387,0.2647185217017619,4654.0
13,r0,r3,r4,r5,0.3427437141596824,0.3259814733127481,0.33127481252756946,4534.0
14,r1,r3,r4,r5,0.3484153005464481,0.3280874316939891,0.32349726775956283,4575.0
15,r2,r3,r4,r5,0.34875600174596244,0.3144914884329987,0.3367525098210388,4582.0
16,r0,r1,r2,r6,0.4090228779131922,0.2933504383151593,0.29762668377164847,4677.0
17,r0,r1,r3,r6,0.4942258340461933,0.2525662959794696,0.25320786997433703,4676.0
18,r0,r2,r3,r6,0.4202586206896552,0.2773706896551724,0.3023706896551724,4640.0
19,r1,r2,r3,r6,0.42509161457210604,0.28066393619314506,0.29424444923474885,4639.0
20,r0,r1,r4,r6,0.5117672229353872,0.2511767222935387,0.23705605477107403,4674.0
21,r0,r2,r4,r6,0.4355257464301168,0.2778018173950671,0.2866724361748161,4622.0
22,r1,r2,r4,r6,0.4471122647631408,0.26757516764006056,0.2853125675967986,4623.0
23,r0,r3,r4,r6,0.34296344933245787,0.3217334208798424,0.3353031297876997,4569.0
24,r1,r3,r4,r6,0.3479500109625082,0.31922823942117956,0.3328217496163122,4561.0
25,r2,r3,r4,r6,0.3567532184158848,0.31682304167575825,0.326423739908357,4583.0
26,r0,r1,r5,r6,0.5023474178403756,0.25501493811352965,0.24263764404609475,4686.0
27,r0,r2,r5,r6,0.4305106658047835,0.28291316526610644,0.2865761689291101,4641.0
28,r1,r2,r5,r6,0.4465136422693807,0.2656994369857081,0.2877869207449112,4618.0
29,r0,r3,r5,r6,0.34857521537442016,0.3225093881157499,0.3289153965098299,4527.0
30,r1,r3,r5,r6,0.3481221172853064,0.32088732703711836,0.33099055567757524,4553.0
31,r2,r3,r5,r6,0.3488218454085003,0.3292226381854217,0.32195551640607795,4541.0
32,r0,r4,r5,r6,0.32882686436982117,0.3316615787178369,0.3395115569123419,4586.0
33,r1,r4,r5,r6,0.32607275103463296,0.326508385972555,0.34741886299281205,4591.0
34,r2,r4,r5,r6,0.325729326606712,0.3397674928712437,0.3345031805220443,4559.0
35,r3,r4,r5,r6,0.33873439894898183,0.33304138384059556,0.3282242172104226,4567.0
36,r0,r1,r2,r7,0.4157303370786517,0.2912868348526606,0.29298282806868775,4717.0
37,r0,r1,r3,r7,0.499470226742954,0.24878152150879423,0.2517482517482518,4719.0
38,r0,r2,r3,r7,0.42456291819555364,0.28081156917763866,0.2946255126268077,4633.0
39,r1,r2,r3,r7,0.42168416541675596,0.2847653739018641,0.2935504606813799,4667.0
40,r0,r1,r4,r7,0.5133079847908745,0.24799324038867765,0.23869877482044782,4734.0
41,r0,r2,r4,r7,0.437915505039674,0.28479519622560584,0.27728929873472014,4663.0
42,r1,r2,r4,r7,0.44612758694260723,0.2771495626200128,0.27672285043738,4687.0
43,r0,r3,r4,r7,0.344162876326619,0.3277019709768248,0.3281351526965562,4617.0
44,r1,r3,r4,r7,0.3489076357343716,0.32035474799913477,0.3307376162664936,4623.0
45,r2,r3,r4,r7,0.35141560406310784,0.318132699373244,0.33045169656364815,4627.0
46,r0,r1,r5,r7,0.5154881435590686,0.24481948301644949,0.23969237342448194,4681.0
47,r0,r2,r5,r7,0.43975128644939965,0.2806603773584906,0.27958833619210977,4664.0
48,r1,r2,r5,r7,0.4529109589041096,0.2671232876712329,0.2799657534246575,4672.0
49,r0,r3,r5,r7,0.34894459102902375,0.33047493403693934,0.32058047493403696,4548.0
50,r1,r3,r5,r7,0.35119825708061003,0.3209150326797386,0.32788671023965144,4590.0
51,r2,r3,r5,r7,0.350076103500761,0.32811480756686234,0.3218090889323766,4599.0
52,r0,r4,r5,r7,0.343011917659805,0.3315276273022752,0.3254604550379198,4615.0
53,r1,r4,r5,r7,0.3420597144093466,0.32475118996105584,0.3331890956295976,4622.0
54,r2,r4,r5,r7,0.33434387180597663,0.3317453443048939,0.3339107838891295,4618.0
55,r3,r4,r5,r7,0.3463723776223776,0.32736013986013984,0.3262674825174825,4576.0
56,r0,r1,r6,r7,0.5832980076303519,0.2096227214921577,0.20707927087749045,4718.0
57,r0,r2,r6,r7,0.5181916038751345,0.24843918191603875,0.2333692142088267,4645.0
58,r1,r2,r6,r7,0.5315528752961447,0.23928494507861298,0.2291621796252423,4643.0
59,r0,r3,r6,r7,0.4486204649141864,0.28177275689767545,0.26960677818813816,4603.0
60,r1,r3,r6,r7,0.4475630983463882,0.27610966057441255,0.2763272410791993,4596.0
61,r2,r3,r6,r7,0.4573913043478261,0.27108695652173914,0.27152173913043476,4600.0
62,r0,r4,r6,r7,0.43037423846823325,0.286118363794604,0.28350739773716277,4596.0
63,r1,r4,r6,r7,0.4274891774891775,0.2935064935064935,0.279004329004329,4620.0
64,r2,r4,r6,r7,0.4332680165469192,0.284345743522752,0.28238623993032874,4593.0
65,r3,r4,r6,r7,0.43635968722849694,0.2836663770634231,0.27997393570807994,4604.0
66,r0,r5,r6,r7,0.43413566739606124,0.29299781181619255,0.27286652078774615,4570.0
67,r1,r5,r6,r7,0.4226579520697168,0.30305010893246187,0.27429193899782134,4590.0
68,r2,r5,r6,r7,0.4316702819956616,0.29023861171366594,0.27809110629067246,4610.0
69,r3,r5,r6,r7,0.4298780487804878,0.2889808362369338,0.2811411149825784,4592.0
70,r4,r5,r6,r7,0.42935019624945486,0.2897950283471435,0.28085477540340165,4586.0
