qind,t1,t2,t3,t4,CF12_34,CF13_24,CF14_23,ngenes
1,r0,r1,r2,r3,0.4128852739726027,0.2861729452054795,0.3009417808219178,4672.0
2,r0,r1,r2,r4,0.414904975443092,0.2887038223361093,0.2963912022207986,4683.0
3,r0,r1,r3,r4,0.49775112443778113,0.25872777896765903,0.24352109659455987,4669.0
4,r0,r2,r3,r4,0.4277645014121225,0.2880729958722572,0.28416250271562027,4603.0
5,r1,r2,r3,r4,0.4390348987505386,0.27875915553640673,0.28220594571305474,4642.0
6,r0,r1,r2,r5,0.41060735671514115,0.2938408896492729,0.29555175363558595,4676.0
7,r0,r1,r3,r5,0.5011845789360327,0.2588843420202455,0.23993107904372174,4643.0
8,r0,r2,r3,r5,0.43209069108349685,0.29103989535644215,0.27686941356006106,4587.0
9,r1,r2,r3,r5,0.43778501628664496,0.2770901194353963,0.28512486427795874,4605.0
10,r0,r1,r4,r5,0.5142063661610767,0.2508011108737449,0.2349925229651784,4681.0
11,r0,r2,r4,r5,0.45072557938055013,0.27983539094650206,0.2694390296729478,4617.0
12,r1,r2,r4,r5,0.4547814798788403,0.26546949372565987,0.2797490263954998,4622.0
13,r0,r3,r4,r5,0.366410537870472,0.32360043907793634,0.30998902305159165,4555.0
14,r1,r3,r4,r5,0.35192096597145994,0.32469813391877056,0.3233809001097695,4555.0
15,r2,r3,r4,r5,0.35366120218579233,0.32021857923497266,0.32612021857923496,4575.0
16,r0,r1,r2,r6,0.4106951871657754,0.2924064171122995,0.2968983957219251,4675.0
17,r0,r1,r3,r6,0.511068539804172,0.24797786292039165,0.24095359727543636,4698.0
18,r0,r2,r3,r6,0.43916144370002164,0.2783661119515885,0.28247244434838986,4627.0
19,r1,r2,r3,r6,0.44203054420305443,0.27575822757582275,0.2822112282211228,4649.0
20,r0,r1,r4,r6,0.5099703012303776,0.24989393296563428,0.24013576580398813,4714.0
21,r0,r2,r4,r6,0.43870270270270273,0.2748108108108108,0.2864864864864865,4625.0
22,r1,r2,r4,r6,0.4428386540120794,0.27070750647109576,0.28645383951682485,4636.0
23,r0,r3,r4,r6,0.3513986013986014,0.33085664335664333,0.31774475524475526,4576.0
24,r1,r3,r4,r6,0.34701411509229096,0.3272529858849077,0.3257328990228013,4605.0
25,r2,r3,r4,r6,0.3437432227282585,0.33311646063760575,0.3231403166341358,4611.0
26,r0,r1,r5,r6,0.5231859167024474,0.23207385143838558,0.24474023185916702,4658.0
27,r0,r2,r5,r6,0.4501089324618736,0.2699346405228758,0.27995642701525053,4590.0
28,r1,r2,r5,r6,0.4568062827225131,0.27028795811518325,0.27290575916230364,4584.0
29,r0,r3,r5,r6,0.35923398635263043,0.31675104556460487,0.3240149680827647,4543.0
30,r1,r3,r5,r6,0.3514161220043573,0.33137254901960783,0.3172113289760349,4590.0
31,r2,r3,r5,r6,0.3492063492063492,0.3306878306878307,0.3201058201058201,4536.0
32,r0,r4,r5,r6,0.3317982456140351,0.3173245614035088,0.3508771929824561,4560.0
33,r1,r4,r5,r6,0.32670454545454547,0.32736013986013984,0.3459353146853147,4576.0
34,r2,r4,r5,r6,0.335387323943662,0.32526408450704225,0.33934859154929575,4544.0
35,r3,r4,r5,r6,0.3334778837814397,0.3202515177797051,0.34627059843885516,4612.0
36,r0,r1,r2,r7,0.4110922946655377,0.2870448772226926,0.3018628281117697,4724.0
37,r0,r1,r3,r7,0.4995760915642221,0.2607036880033913,0.2397202204323866,4718.0
38,r0,r2,r3,r7,0.4328902229845626,0.29030874785591765,0.2768010291595197,4664.0
39,r1,r2,r3,r7,0.4468629961587708,0.2772087067861716,0.2759282970550576,4686.0
40,r0,r1,r4,r7,0.5102171136653896,0.24521072796934865,0.2445721583652618,4698.0
41,r0,r2,r4,r7,0.4418154441815444,0.2753280275328028,0.28285652828565283,4649.0
42,r1,r2,r4,r7,0.4518136939257351,0.2670100880017171,0.2811762180725478,4659.0
43,r0,r3,r4,r7,0.3596889176928062,0.3255562756534889,0.3147548066537049,4629.0
44,r1,r3,r4,r7,0.34461936596937676,0.33297390554237655,0.3224067284882467,4637.0
45,r2,r3,r4,r7,0.34478289047310434,0.33441348023331174,0.3208036292935839,4629.0
46,r0,r1,r5,r7,0.519062832800852,0.23258785942492013,0.2483493077742279,4695.0
47,r0,r2,r5,r7,0.44702342574683,0.27487642381259403,0.27810015044057596,4653.0
48,r1,r2,r5,r7,0.45401804899011605,0.27911474000859476,0.26686721100128924,4654.0
49,r0,r3,r5,r7,0.36397218600608433,0.31681877444589307,0.3192090395480226,4602.0
50,r1,r3,r5,r7,0.3511930585683297,0.33101952277657265,0.31778741865509763,4610.0
51,r2,r3,r5,r7,0.34841922910350803,0.33087916847119964,0.32070160242529233,4618.0
52,r0,r4,r5,r7,0.33564764591017576,0.3206769364287264,0.3436754176610978,4609.0
53,r1,r4,r5,r7,0.33376792698826596,0.33202955236853543,0.3342025206431986,4602.0
54,r2,r4,r5,r7,0.3390829694323144,0.32685589519650654,0.33406113537117904,4580.0
55,r3,r4,r5,r7,0.3313135684916685,0.32309024020774724,0.3455961913005843,4621.0
56,r0,r1,r6,r7,0.5846808510638298,0.2074468085106383,0.2078723404255319,4700.0
57,r0,r2,r6,r7,0.5228941684665227,0.24298056155507558,0.23412526997840172,4630.0
58,r1,r2,r6,r7,0.5326579004095711,0.23561112308687218,0.2317309765035568,4639.0
59,r0,r3,r6,r7,0.4495532795816082,0.2771845718021355,0.27326214861625625,4589.0
60,r1,r3,r6,r7,0.4396870245598783,0.2755922625516192,0.2847207128885025,4601.0
61,r2,r3,r6,r7,0.4396533044420368,0.27995666305525463,0.28039003250270855,4615.0
62,r0,r4,r6,r7,0.4286339754816112,0.2935639229422067,0.2778021015761821,4568.0
63,r1,r4,r6,r7,0.42657647828933015,0.29347588915557493,0.2799476325550949,4583.0
64,r2,r4,r6,r7,0.43331150403841956,0.28967474350578476,0.2770137524557957,4581.0
65,r3,r4,r6,r7,0.4245242214532872,0.2936851211072664,0.28179065743944637,4624.0
66,r0,r5,r6,r7,0.4200873362445415,0.29890829694323146,0.28100436681222707,4580.0
67,r1,r5,r6,r7,0.42838456507521255,0.2932199694789623,0.27839546544582516,4587.0
68,r2,r5,r6,r7,0.4262295081967213,0.28765027322404374,0.286120218579235,4575.0
69,r3,r5,r6,r7,0.4215686274509804,0.29411764705882354,0.28431372549019607,4590.0
70,r4,r5,r6,r7,0.4318280503690838,0.2839774207555363,0.28419452887537994,4606.0
