qind,t1,t2,t3,t4,CF12_34,CF13_24,CF14_23,ngenes
1,r0,r1,r2,r3,0.41267815358434373,0.2948308870453095,0.29249095937034675,4701.0
2,r0,r1,r2,r4,0.41252929895589174,0.2855316428723631,0.30193905817174516,4693.0
3,r0,r1,r3,r4,0.5031996587030717,0.24360068259385664,0.25319965870307165,4688.0
4,r0,r2,r3,r4,0.43132165260653255,0.27298291152931,0.2956954358641575,4623.0
5,r1,r2,r3,r4,0.4407951598962835,0.27592912705272254,0.28327571305099397,4628.0
6,r0,r1,r2,r5,0.4183716965046888,0.2872975277067349,0.2943307757885763,4692.0
7,r0,r1,r3,r5,0.5128976784178848,0.22828890799656062,0.2588134135855546,4652.0
8,r0,r2,r3,r5,0.4343302990897269,0.27936714347637626,0.2863025574338968,4614.0
9,r1,r2,r3,r5,0.44078091106290673,0.28394793926247286,0.2752711496746204,4610.0
10,r0,r1,r4,r5,0.518430696270748,0.23841345117482216,0.24315585255442984,4639.0
11,r0,r2,r4,r5,0.4388551604509974,0.29141370338248046,0.2697311361665221,4612.0
12,r1,r2,r4,r5,0.44540353905912816,0.2824773413897281,0.2721191195511437,4634.0
13,r0,r3,r4,r5,0.3297592997811816,0.3358862144420131,0.33435448577680527,4570.0
14,r1,r3,r4,r5,0.34278238116005233,0.3358046227649368,0.3214129960750109,4586.0
15,r2,r3,r4,r5,0.34668989547038326,0.32556620209059234,0.3277439024390244,4592.0
16,r0,r1,r2,r6,0.41324249520970835,0.29231424313391524,0.2944432616563764,4697.0
17,r0,r1,r3,r6,0.5034013605442177,0.24893707482993196,0.24766156462585034,4704.0
18,r0,r2,r3,r6,0.4336646499567848,0.27441659464131374,0.2919187554019015,4628.0
19,r1,r2,r3,r6,0.43415682062298605,0.2719656283566058,0.2938775510204082,4655.0
20,r0,r1,r4,r6,0.508042033025949,0.24983915933948103,0.24211880763457003,4663.0
21,r0,r2,r4,r6,0.4367170626349892,0.28509719222462204,0.2781857451403888,4630.0
22,r1,r2,r4,r6,0.4385889438588944,0.2787696278769628,0.28264142826414285,4649.0
23,r0,r3,r4,r6,0.33079102200915234,0.33362388319895403,0.33558509479189363,4589.0
24,r1,r3,r4,r6,0.33420479302832246,0.32592592592592595,0.33986928104575165,4590.0
25,r2,r3,r4,r6,0.34543069523393094,0.3268473983384346,0.32772190642763444,4574.0
26,r0,r1,r5,r6,0.5156652360515022,0.24892703862660945,0.23540772532188842,4660.0
27,r0,r2,r5,r6,0.44343105320304016,0.2764386536373507,0.28013029315960913,4605.0
28,r1,r2,r5,r6,0.4494818652849741,0.26791882556131263,0.2825993091537133,4632.0
29,r0,r3,r5,r6,0.3325274725274725,0.3345054945054945,0.33296703296703295,4550.0
30,r1,r3,r5,r6,0.3363994743758213,0.31975470871660094,0.34384581690757776,4566.0
31,r2,r3,r5,r6,0.3461707746478873,0.32768485915492956,0.3261443661971831,4544.0
32,r0,r4,r5,r6,0.33230565954635544,0.3305439330543933,0.3371504073992513,4541.0
33,r1,r4,r5,r6,0.3339172323188088,0.327129406612656,0.33895336106853513,4567.0
34,r2,r4,r5,r6,0.3335514834205934,0.33049738219895286,0.33595113438045376,4584.0
35,r3,r4,r5,r6,0.3281421364334284,0.3336257951305111,0.3382320684360605,4559.0
36,r0,r1,r2,r7,0.4069767441860465,0.29725158562367865,0.29577167019027484,4730.0
37,r0,r1,r3,r7,0.5113854011491806,0.2423919982975101,0.24622260055330922,4699.0
38,r0,r2,r3,r7,0.4371913248872665,0.272063560231909,0.29074511488082455,4657.0
39,r1,r2,r3,r7,0.443081557994405,0.2694211319130622,0.2874973100925328,4647.0
40,r0,r1,r4,r7,0.5054128635109318,0.2521757588622373,0.24241137762683082,4711.0
41,r0,r2,r4,r7,0.4385403329065301,0.2878787878787879,0.27358087921468205,4686.0
42,r1,r2,r4,r7,0.44573144573144574,0.2747747747747748,0.2794937794937795,4662.0
43,r0,r3,r4,r7,0.33051765215507906,0.34048083170890187,0.3290015161360191,4617.0
44,r1,r3,r4,r7,0.34114075037952724,0.32899587941878117,0.3298633702016916,4611.0
45,r2,r3,r4,r7,0.3503143290700195,0.3262518968133536,0.32343377411662694,4613.0
46,r0,r1,r5,r7,0.519144385026738,0.24577540106951873,0.2350802139037433,4675.0
47,r0,r2,r5,r7,0.4447328574518711,0.2779580359074194,0.2773091066407095,4623.0
48,r1,r2,r5,r7,0.4512588766946417,0.2674843985366903,0.281256724768668,4647.0
49,r0,r3,r5,r7,0.3308517626450624,0.33654477775344865,0.33260345960148896,4567.0
50,r1,r3,r5,r7,0.33804962995211146,0.3282542446669569,0.33369612538093163,4594.0
51,r2,r3,r5,r7,0.3460782171728206,0.3303473891195106,0.3235743937076688,4577.0
52,r0,r4,r5,r7,0.3284782608695652,0.3343478260869565,0.33717391304347827,4600.0
53,r1,r4,r5,r7,0.3293452251468349,0.33195562323254296,0.33869915162062214,4597.0
54,r2,r4,r5,r7,0.324570932000869,0.3345644145122746,0.3408646534868564,4603.0
55,r3,r4,r5,r7,0.3241123938139839,0.3387061642343716,0.3371814419516445,4591.0
56,r0,r1,r6,r7,0.5801656402633255,0.20471437672541942,0.21511998301125504,4709.0
57,r0,r2,r6,r7,0.520506764011166,0.23620356452651922,0.24328967146231478,4657.0
58,r1,r2,r6,r7,0.5250106883283454,0.2424112868747328,0.23257802479692177,4678.0
59,r0,r3,r6,r7,0.43231441048034935,0.2908296943231441,0.27685589519650655,4580.0
60,r1,r3,r6,r7,0.4306282722513089,0.29602966841186734,0.27334205933682376,4584.0
61,r2,r3,r6,r7,0.4443958925060083,0.28665064452698275,0.26895346296700895,4577.0
62,r0,r4,r6,r7,0.43071568414183165,0.2847509245159887,0.2845333913421797,4597.0
63,r1,r4,r6,r7,0.41893955924067205,0.29391228452978396,0.287148156229544,4583.0
64,r2,r4,r6,r7,0.4248194353250164,0.29218647406434667,0.2829940906106369,4569.0
65,r3,r4,r6,r7,0.42529989094874593,0.28418756815703383,0.2905125408942203,4585.0
66,r0,r5,r6,r7,0.42904217926186294,0.2875659050966608,0.28339191564147626,4552.0
67,r1,r5,r6,r7,0.42201230228471004,0.29349736379613356,0.2844903339191564,4552.0
68,r2,r5,r6,r7,0.42292490118577075,0.2902942468159859,0.2867808519982433,4554.0
69,r3,r5,r6,r7,0.4303992940657401,0.28325612177365983,0.28634458416060005,4533.0
70,r4,r5,r6,r7,0.43560026240979666,0.28099715722720314,0.2834025803630002,4573.0
