qind,t1,t2,t3,t4,CF12_34,CF13_24,CF14_23,ngenes
1,r0,r1,r2,r3,0.4139335476956056,0.28960342979635584,0.2964630225080386,4665.0
2,r0,r1,r2,r4,0.4186643835616438,0.285958904109589,0.2953767123287671,4672.0
3,r0,r1,r3,r4,0.5068463842533162,0.2507488232777065,0.2424047924689773,4674.0
4,r0,r2,r3,r4,0.43190746398952423,0.27433435181143606,0.2937581841990397,4582.0
5,r1,r2,r3,r4,0.43758155719878206,0.27424967377120485,0.28816876903001304,4598.0
6,r0,r1,r2,r5,0.4224267066124545,0.28653969612668523,0.29103359726086026,4673.0
7,r0,r1,r3,r5,0.5025740025740025,0.2516087516087516,0.24581724581724582,4662.0
8,r0,r2,r3,r5,0.42506516072980016,0.289748045178106,0.28518679409209385,4604.0
9,r1,r2,r3,r5,0.4328162551889884,0.28774306314179593,0.27944068166921565,4577.0
10,r0,r1,r4,r5,0.5060111635895234,0.24838986689566336,0.24559896951481322,4658.0
11,r0,r2,r4,r5,0.42525996533795496,0.29332755632582325,0.28141247833622185,4616.0
12,r1,r2,r4,r5,0.4330863121185702,0.2850915431560593,0.28182214472537054,4588.0
13,r0,r3,r4,r5,0.3390388413429888,0.32477507131885014,0.3361860873381611,4557.0
14,r1,r3,r4,r5,0.3321693583587953,0.3304233958969882,0.3374072457442165,4582.0
15,r2,r3,r4,r5,0.34012264564169953,0.32566798072711345,0.334209373631187,4566.0
16,r0,r1,r2,r6,0.41454545454545455,0.29668449197860963,0.2887700534759358,4675.0
17,r0,r1,r3,r6,0.5091841093549765,0.25053395984621957,0.24028193079880392,4682.0
18,r0,r2,r3,r6,0.43411688591761916,0.2833728703903386,0.28251024369204225,4637.0
19,r1,r2,r3,r6,0.43333333333333335,0.2758169934640523,0.2908496732026144,4590.0
20,r0,r1,r4,r6,0.5201879940183721,0.2478102969450972,0.23200170903653067,4681.0
21,r0,r2,r4,r6,0.4387402933563417,0.28321829163071616,0.2780414150129422,4636.0
22,r1,r2,r4,r6,0.4405381944444444,0.2703993055555556,0.2890625,4608.0
23,r0,r3,r4,r6,0.34600347523892266,0.32775847089487403,0.3262380538662033,4604.0
24,r1,r3,r4,r6,0.3347107438016529,0.32448890822096566,0.34080034797738146,4598.0
25,r2,r3,r4,r6,0.34997828918801566,0.32674772036474165,0.32327399044724275,4606.0
26,r0,r1,r5,r6,0.5135481117985918,0.24557286110518456,0.2408790270962236,4687.0
27,r0,r2,r5,r6,0.43645448620464916,0.2787312622202911,0.28481425157505974,4603.0
28,r1,r2,r5,r6,0.44746059544658495,0.2642294220665499,0.2883099824868651,4568.0
29,r0,r3,r5,r6,0.3474333553646178,0.33223176911213925,0.320334875523243,4539.0
30,r1,r3,r5,r6,0.34528260391466903,0.3257092588519903,0.32900813723334066,4547.0
31,r2,r3,r5,r6,0.3486218302094818,0.33318632855567804,0.3181918412348401,4535.0
32,r0,r4,r5,r6,0.3396392432908051,0.3411790585129784,0.31918169819621645,4546.0
33,r1,r4,r5,r6,0.33655748516157397,0.3334798856891625,0.32996262914926355,4549.0
34,r2,r4,r5,r6,0.3430131004366812,0.3441048034934498,0.312882096069869,4580.0
35,r3,r4,r5,r6,0.3480638809888427,0.33340625683657843,0.31852986217457885,4571.0
36,r0,r1,r2,r7,0.41194029850746267,0.2933901918976546,0.29466950959488275,4690.0
37,r0,r1,r3,r7,0.5054174633524537,0.24622902060760568,0.24835351603994052,4707.0
38,r0,r2,r3,r7,0.42668685121107264,0.2835207612456747,0.2897923875432526,4624.0
39,r1,r2,r3,r7,0.4282029234737747,0.281384350816853,0.2904127257093723,4652.0
40,r0,r1,r4,r7,0.5076563164610803,0.24627817949808592,0.2460655040408337,4702.0
41,r0,r2,r4,r7,0.4304478897502153,0.29112833763996554,0.2784237726098191,4644.0
42,r1,r2,r4,r7,0.4316376904915218,0.2818201330757673,0.2865421764327109,4659.0
43,r0,r3,r4,r7,0.3381434417402541,0.3301744561705794,0.3316821020891665,4643.0
44,r1,r3,r4,r7,0.33024956970740105,0.33390705679862304,0.3358433734939759,4648.0
45,r2,r3,r4,r7,0.3437162016006922,0.3246809431105343,0.33160285528877353,4623.0
46,r0,r1,r5,r7,0.5083988943227727,0.2449500318945354,0.2466510737826919,4703.0
47,r0,r2,r5,r7,0.4276499677488712,0.283164910771877,0.2891851214792518,4651.0
48,r1,r2,r5,r7,0.4365471333476487,0.2774318230620571,0.2860210435902942,4657.0
49,r0,r3,r5,r7,0.3357142857142857,0.32987012987012987,0.3344155844155844,4620.0
50,r1,r3,r5,r7,0.3350683148991542,0.33311646063760575,0.3318152244632401,4611.0
51,r2,r3,r5,r7,0.33673691071040623,0.33304366717358247,0.3302194221160113,4603.0
52,r0,r4,r5,r7,0.3351374756440788,0.3422818791946309,0.3225806451612903,4619.0
53,r1,r4,r5,r7,0.3388072601555748,0.3381590319792567,0.32303370786516855,4628.0
54,r2,r4,r5,r7,0.33073929961089493,0.3398184176394293,0.32944228274967574,4626.0
55,r3,r4,r5,r7,0.33971600688468157,0.334552495697074,0.3257314974182444,4648.0
56,r0,r1,r6,r7,0.5756739545744003,0.20356612184249628,0.22075992358310337,4711.0
57,r0,r2,r6,r7,0.5136178425906069,0.23718636071198798,0.2491957966974051,4663.0
58,r1,r2,r6,r7,0.5136069114470843,0.24838012958963282,0.23801295896328295,4630.0
59,r0,r3,r6,r7,0.4345082680591819,0.28067885117493474,0.2848128807658834,4596.0
60,r1,r3,r6,r7,0.4265413205072147,0.2936160909488413,0.279842588543944,4574.0
61,r2,r3,r6,r7,0.44167213832348434,0.27555263733858615,0.2827752243379295,4569.0
62,r0,r4,r6,r7,0.4293785310734463,0.2768361581920904,0.2937853107344633,4602.0
63,r1,r4,r6,r7,0.4193759546148811,0.28976652847479817,0.29085751691032075,4583.0
64,r2,r4,r6,r7,0.4325854933565672,0.27597473317360055,0.2914397734698323,4591.0
65,r3,r4,r6,r7,0.42947322594688725,0.27753591641271225,0.2929908576404005,4594.0
66,r0,r5,r6,r7,0.431196674688252,0.28221395755852113,0.28658936775322685,4571.0
67,r1,r5,r6,r7,0.4210989010989011,0.2953846153846154,0.2835164835164835,4550.0
68,r2,r5,r6,r7,0.43471615720524015,0.27532751091703056,0.28995633187772923,4580.0
69,r3,r5,r6,r7,0.4259581881533101,0.2844076655052265,0.2896341463414634,4592.0
70,r4,r5,r6,r7,0.41235319704219225,0.2949108307959983,0.29273597216180947,4598.0
