qind,t1,t2,t3,t4,CF12_34,CF13_24,CF14_23,ngenes
1,r0,r1,r2,r3,0.42015005359056806,0.29517684887459805,0.2846730975348339,4665.0
2,r0,r1,r2,r4,0.42471621332191045,0.2895695009638038,0.2857142857142857,4669.0
3,r0,r1,r3,r4,0.5140286999357464,0.24180766759477404,0.24416363246947956,4669.0
4,r0,r2,r3,r4,0.4375134901791496,0.2762788689833801,0.2862076408374703,4633.0
5,r1,r2,r3,r4,0.43235674278328307,0.2815596725549332,0.28608358466178374,4642.0
6,r0,r1,r2,r5,0.4229948805460751,0.29415529010238906,0.28284982935153585,4688.0
7,r0,r1,r3,r5,0.5130676949443016,0.24721508140531276,0.2397172236503856,4668.0
8,r0,r2,r3,r5,0.4413867822318527,0.2771397616468039,0.28147345612134345,4615.0
9,r1,r2,r3,r5,0.43134296184522525,0.2845440827764604,0.28411295537831427,4639.0
10,r0,r1,r4,r5,0.5269950526995053,0.23876102387610237,0.23424392342439235,4649.0
11,r0,r2,r4,r5,0.4560190188026799,0.27771774367840935,0.26626323751891073,4627.0
12,r1,r2,r4,r5,0.4513813356536872,0.2782249293017185,0.2703937350445943,4597.0
13,r0,r3,r4,r5,0.3500975504010405,0.33253847821374377,0.3173639713852157,4613.0
14,r1,r3,r4,r5,0.3491332016677639,0.32916392363396973,0.3217028746982664,4557.0
15,r2,r3,r4,r5,0.3504885993485342,0.3268186753528773,0.3226927252985885,4605.0
16,r0,r1,r2,r6,0.424190800681431,0.29237649063032367,0.2834327086882453,4696.0
17,r0,r1,r3,r6,0.513000852514919,0.24232736572890026,0.24467178175618073,4692.0
18,r0,r2,r3,r6,0.44716327414465135,0.27609354699003896,0.27674317886530964,4618.0
19,r1,r2,r3,r6,0.4303906755881718,0.2894452838333693,0.2801640405784589,4633.0
20,r0,r1,r4,r6,0.5127931769722814,0.24712153518123667,0.24008528784648187,4690.0
21,r0,r2,r4,r6,0.4401287553648069,0.2798283261802575,0.2800429184549356,4660.0
22,r1,r2,r4,r6,0.43289671462314794,0.28000858922052824,0.2870946961563238,4657.0
23,r0,r3,r4,r6,0.33267888307155324,0.337478184991274,0.3298429319371728,4584.0
24,r1,r3,r4,r6,0.3323888404533566,0.3332606800348736,0.3343504795117698,4588.0
25,r2,r3,r4,r6,0.3394994559303591,0.3321001088139282,0.3284004352557127,4595.0
26,r0,r1,r5,r6,0.5180208999786735,0.236510983152058,0.2454681168692685,4689.0
27,r0,r2,r5,r6,0.44640139160687103,0.27375516416612306,0.27984344422700586,4599.0
28,r1,r2,r5,r6,0.43779697624190067,0.28034557235421165,0.2818574514038877,4630.0
29,r0,r3,r5,r6,0.3353698450796422,0.3244599607244163,0.3401701941959415,4583.0
30,r1,r3,r5,r6,0.3367502726281352,0.3271537622682661,0.3360959651035987,4585.0
31,r2,r3,r5,r6,0.34038377671173137,0.32337549062363713,0.3362407326646315,4586.0
32,r0,r4,r5,r6,0.3335511982570806,0.3139433551198257,0.3525054466230937,4590.0
33,r1,r4,r5,r6,0.3306345733041576,0.32210065645514224,0.34726477024070024,4570.0
34,r2,r4,r5,r6,0.3315229198348903,0.3269606778188138,0.3415164023462959,4603.0
35,r3,r4,r5,r6,0.3286486486486486,0.3290810810810811,0.3422702702702703,4625.0
36,r0,r1,r2,r7,0.4161173718902828,0.3015096746757389,0.28237295343397834,4703.0
37,r0,r1,r3,r7,0.5118795078489605,0.2501060670343657,0.23801442511667373,4714.0
38,r0,r2,r3,r7,0.4481354479211316,0.2715387912558937,0.2803257608229747,4666.0
39,r1,r2,r3,r7,0.4309757136770345,0.27971878994461014,0.28930549637835534,4694.0
40,r0,r1,r4,r7,0.5074246924056003,0.2562579550275774,0.23631735256682224,4714.0
41,r0,r2,r4,r7,0.4448936170212766,0.2846808510638298,0.2704255319148936,4700.0
42,r1,r2,r4,r7,0.4337064141196728,0.28174773999139047,0.2845458458889367,4646.0
43,r0,r3,r4,r7,0.3372692142550451,0.3415629025332761,0.32116788321167883,4658.0
44,r1,r3,r4,r7,0.3300970873786408,0.33743257820927725,0.33247033441208196,4635.0
45,r2,r3,r4,r7,0.3494183541576906,0.32701421800947866,0.32356742783283066,4642.0
46,r0,r1,r5,r7,0.5202717045213331,0.24156230099766504,0.2381659944810019,4711.0
47,r0,r2,r5,r7,0.46373390557939914,0.26716738197424894,0.2690987124463519,4660.0
48,r1,r2,r5,r7,0.4487919606585418,0.2728244601240111,0.2783835792174471,4677.0
49,r0,r3,r5,r7,0.35304272766508416,0.32671558049201554,0.3202416918429003,4634.0
50,r1,r3,r5,r7,0.3437702440077737,0.3260634852083783,0.33016627078384797,4631.0
51,r2,r3,r5,r7,0.35445501730103807,0.3202854671280277,0.32525951557093424,4624.0
52,r0,r4,r5,r7,0.34488734835355284,0.3175909878682842,0.3375216637781629,4616.0
53,r1,r4,r5,r7,0.3379174852652259,0.31608819035145164,0.3459943243833224,4581.0
54,r2,r4,r5,r7,0.3325369244135534,0.3242832319721981,0.34317984361424847,4604.0
55,r3,r4,r5,r7,0.333764832793959,0.3225458468176915,0.34368932038834954,4635.0
56,r0,r1,r6,r7,0.5803514715223375,0.21723480838450138,0.20241372009316114,4723.0
57,r0,r2,r6,r7,0.5172487223168655,0.2444633730834753,0.2382879045996593,4696.0
58,r1,r2,r6,r7,0.5137555982085733,0.24333546598421837,0.24290893580720835,4689.0
59,r0,r3,r6,r7,0.42362613587191694,0.29878840328861966,0.27758546083946345,4622.0
60,r1,r3,r6,r7,0.42754725179230935,0.2882902454920704,0.28416250271562027,4603.0
61,r2,r3,r6,r7,0.4286943428694343,0.28844912884491286,0.28285652828565283,4649.0
62,r0,r4,r6,r7,0.4279220779220779,0.29329004329004327,0.2787878787878788,4620.0
63,r1,r4,r6,r7,0.42324371205550737,0.29141370338248046,0.28534258456201217,4612.0
64,r2,r4,r6,r7,0.4243406830955469,0.2892347600518807,0.2864245568525724,4626.0
65,r3,r4,r6,r7,0.416612868517323,0.2918011620400258,0.2915859694426512,4647.0
66,r0,r5,r6,r7,0.4123510292524377,0.3085590465872156,0.27908992416034667,4615.0
67,r1,r5,r6,r7,0.4177078845325291,0.3005170185264972,0.2817750969409737,4642.0
68,r2,r5,r6,r7,0.41534792976371127,0.3013223498807717,0.283329720355517,4613.0
69,r3,r5,r6,r7,0.4154045867589788,0.29381220250973605,0.29078321073128516,4622.0
70,r4,r5,r6,r7,0.4244588744588745,0.2930735930735931,0.2824675324675325,4620.0
