qind,t1,t2,t3,t4,CF12_34,CF13_24,CF14_23,ngenes
1,r0,r1,r2,r3,0.4222080136402387,0.29028132992327366,0.28751065643648765,4692.0
2,r0,r1,r2,r4,0.420691135436789,0.28375187808542607,0.29555698647778494,4659.0
3,r0,r1,r3,r4,0.5066695352839932,0.24354561101549052,0.24978485370051634,4648.0
4,r0,r2,r3,r4,0.4367116137451066,0.27838190517616357,0.2849064810787299,4598.0
5,r1,r2,r3,r4,0.4296891980004347,0.27906976744186046,0.29124103455770484,4601.0
6,r0,r1,r2,r5,0.42380446333687566,0.2858660998937301,0.29032943676939427,4705.0
7,r0,r1,r3,r5,0.506840530141086,0.24540401881145787,0.24775545104745617,4678.0
8,r0,r2,r3,r5,0.436241610738255,0.2914050660316086,0.2723533232301364,4619.0
9,r1,r2,r3,r5,0.43345596191300584,0.2882492966890283,0.2782947413979658,4621.0
10,r0,r1,r4,r5,0.5090712742980562,0.24557235421166307,0.24535637149028078,4630.0
11,r0,r2,r4,r5,0.4398871527777778,0.2914496527777778,0.2686631944444444,4608.0
12,r1,r2,r4,r5,0.4380952380952381,0.2898268398268398,0.2720779220779221,4620.0
13,r0,r3,r4,r5,0.34090407938257994,0.33693495038588755,0.3221609702315325,4535.0
14,r1,r3,r4,r5,0.3433326034596015,0.3358878913947887,0.3207795051456098,4567.0
15,r2,r3,r4,r5,0.33905390539053903,0.3251925192519252,0.33575357535753575,4545.0
16,r0,r1,r2,r6,0.4250425894378194,0.2910988074957411,0.2838586030664395,4696.0
17,r0,r1,r3,r6,0.5087569414780009,0.2481845365228535,0.24305852199914565,4682.0
18,r0,r2,r3,r6,0.4313895512681552,0.28354649902449597,0.2850639497073488,4613.0
19,r1,r2,r3,r6,0.42579390797148414,0.28559084035428817,0.2886152516742277,4629.0
20,r0,r1,r4,r6,0.49935594675826533,0.2565478746243023,0.24409617861743238,4658.0
21,r0,r2,r4,r6,0.427674317886531,0.2938501515807709,0.27847553053269813,4618.0
22,r1,r2,r4,r6,0.43226919758412424,0.28386540120793785,0.28386540120793785,4636.0
23,r0,r3,r4,r6,0.3282861531709458,0.33640552995391704,0.3353083168751371,4557.0
24,r1,r3,r4,r6,0.32961992136304064,0.33377020532983837,0.336609873307121,4578.0
25,r2,r3,r4,r6,0.3357392825896763,0.33070866141732286,0.33355205599300086,4572.0
26,r0,r1,r5,r6,0.5090012858979854,0.2501071581654522,0.24089155593656236,4666.0
27,r0,r2,r5,r6,0.43770384866275275,0.28027832137421177,0.2820178299630354,4599.0
28,r1,r2,r5,r6,0.4359141184124919,0.27889828670570377,0.2851875948818044,4611.0
29,r0,r3,r5,r6,0.3422144573050884,0.3249617820484822,0.3328237606464294,4579.0
30,r1,r3,r5,r6,0.3355880427667467,0.33013310058913375,0.33427885664411955,4583.0
31,r2,r3,r5,r6,0.336106853514342,0.33785855047076857,0.32603459601488943,4567.0
32,r0,r4,r5,r6,0.33494399297166705,0.31869097298484517,0.3463650340434878,4553.0
33,r1,r4,r5,r6,0.33421226104152935,0.3194902219292463,0.34629751702922434,4551.0
34,r2,r4,r5,r6,0.3290748898678414,0.3301762114537445,0.34074889867841407,4540.0
35,r3,r4,r5,r6,0.3255048287971905,0.3263827919227392,0.3481123792800702,4556.0
36,r0,r1,r2,r7,0.4189589504866695,0.2879813796022006,0.2930596699111299,4726.0
37,r0,r1,r3,r7,0.5067092651757189,0.24643237486687966,0.2468583599574015,4695.0
38,r0,r2,r3,r7,0.4276217027664594,0.2760025734505683,0.29637572378297233,4663.0
39,r1,r2,r3,r7,0.4287859287859288,0.27413127413127414,0.29708279708279706,4662.0
40,r0,r1,r4,r7,0.5002139495079161,0.25459991442019686,0.24518613607188702,4674.0
41,r0,r2,r4,r7,0.4317104696251616,0.2858681602757432,0.28242137009909524,4642.0
42,r1,r2,r4,r7,0.43468035065212746,0.27816976694462264,0.28714988240324996,4677.0
43,r0,r3,r4,r7,0.3371589432654829,0.32481593763533995,0.33802511909917715,4618.0
44,r1,r3,r4,r7,0.3381014304291287,0.32639791937581275,0.33550065019505854,4614.0
45,r2,r3,r4,r7,0.34683326152520466,0.3259370960792762,0.32722964239551916,4642.0
46,r0,r1,r5,r7,0.5160119555935099,0.24466268146883005,0.23932536293766013,4684.0
47,r0,r2,r5,r7,0.44289991445680066,0.2745936698032506,0.28250641573994867,4676.0
48,r1,r2,r5,r7,0.44315495379325165,0.27100795185901566,0.28583709434773263,4653.0
49,r0,r3,r5,r7,0.3437973587356571,0.3160857328426066,0.3401169084217363,4619.0
50,r1,r3,r5,r7,0.3376679670567837,0.3188123103597746,0.3435197225834417,4614.0
51,r2,r3,r5,r7,0.3409140134286333,0.3333333333333333,0.3257526532380334,4617.0
52,r0,r4,r5,r7,0.3395979020979021,0.31490384615384615,0.3454982517482518,4576.0
53,r1,r4,r5,r7,0.3411509229098806,0.31596091205211724,0.3428881650380022,4605.0
54,r2,r4,r5,r7,0.3382640852730041,0.3262997607135088,0.33543615401348703,4597.0
55,r3,r4,r5,r7,0.33225597931480283,0.33010127127774186,0.3376427494074553,4641.0
56,r0,r1,r6,r7,0.5813259432956726,0.20528671924962694,0.21338733745470048,4691.0
57,r0,r2,r6,r7,0.5185025817555938,0.23493975903614459,0.24655765920826161,4648.0
58,r1,r2,r6,r7,0.5249033920137398,0.23593817088879349,0.23915843709746673,4658.0
59,r0,r3,r6,r7,0.4344978165938865,0.28078602620087334,0.2847161572052402,4580.0
60,r1,r3,r6,r7,0.43809938971229295,0.28378378378378377,0.2781168265039233,4588.0
61,r2,r3,r6,r7,0.44497503798567395,0.2791404384632082,0.27588452355111787,4607.0
62,r0,r4,r6,r7,0.4362401402278703,0.2863716038562664,0.2773882559158633,4564.0
63,r1,r4,r6,r7,0.4359696641386782,0.29165763813651135,0.2723726977248104,4615.0
64,r2,r4,r6,r7,0.43546284224250326,0.2898739678400695,0.2746631899174272,4602.0
65,r3,r4,r6,r7,0.43667460489283394,0.2888071011041351,0.27451829400303096,4619.0
66,r0,r5,r6,r7,0.42209631728045327,0.298104162126825,0.27979952059272173,4589.0
67,r1,r5,r6,r7,0.4279141104294479,0.30039439088518843,0.27169149868536374,4564.0
68,r2,r5,r6,r7,0.43194232029713786,0.2991042167358532,0.26895346296700895,4577.0
69,r3,r5,r6,r7,0.43266102797657774,0.2932118846237259,0.2741270873996964,4611.0
70,r4,r5,r6,r7,0.4470537073276799,0.2835398999782561,0.2694063926940639,4599.0
