qind,t1,t2,t3,t4,CF12_34,CF13_24,CF14_23,ngenes
1,r0,r1,r2,r3,0.42323210872796774,0.2917816946273094,0.28498619664472286,4709.0
2,r0,r1,r2,r4,0.4197952218430034,0.2881825938566553,0.29202218430034127,4688.0
3,r0,r1,r3,r4,0.4970136518771331,0.2549061433447099,0.248080204778157,4688.0
4,r0,r2,r3,r4,0.4236699239956569,0.28664495114006516,0.28968512486427794,4605.0
5,r1,r2,r3,r4,0.42377260981912146,0.28875968992248063,0.2874677002583979,4644.0
6,r0,r1,r2,r5,0.42705231816248407,0.28051892811569545,0.2924287537218205,4702.0
7,r0,r1,r3,r5,0.5051238257899231,0.23975234842015372,0.25512382578992315,4684.0
8,r0,r2,r3,r5,0.42708106933275375,0.2897196261682243,0.283199304499022,4601.0
9,r1,r2,r3,r5,0.423526863084922,0.2972270363951473,0.27924610051993065,4616.0
10,r0,r1,r4,r5,0.5133861640608267,0.23816663097022917,0.2484472049689441,4669.0
11,r0,r2,r4,r5,0.4380579142172872,0.28586980187241456,0.27607228391029826,4593.0
12,r1,r2,r4,r5,0.4397316598138931,0.28651806968188703,0.27375027050421985,4621.0
13,r0,r3,r4,r5,0.3471739130434783,0.33043478260869563,0.3223913043478261,4600.0
14,r1,r3,r4,r5,0.35337529845886695,0.3299327110918168,0.3166919904493163,4607.0
15,r2,r3,r4,r5,0.34885764499121263,0.32007908611599295,0.33106326889279436,4552.0
16,r0,r1,r2,r6,0.4158039298542151,0.2894570040143672,0.2947390661314177,4733.0
17,r0,r1,r3,r6,0.501916524701874,0.24084327086882454,0.2572402044293015,4696.0
18,r0,r2,r3,r6,0.4236706689536878,0.2789451114922813,0.2973842195540309,4664.0
19,r1,r2,r3,r6,0.42335924006908465,0.28411053540587217,0.2925302245250432,4632.0
20,r0,r1,r4,r6,0.5042535091450446,0.24670353041259038,0.24904296044236496,4702.0
21,r0,r2,r4,r6,0.43207222699914016,0.277944969905417,0.28998280309544283,4652.0
22,r1,r2,r4,r6,0.43482905982905984,0.2794871794871795,0.28568376068376067,4680.0
23,r0,r3,r4,r6,0.33492615117289315,0.3299304952215465,0.33514335360556036,4604.0
24,r1,r3,r4,r6,0.33876221498371334,0.33485342019543973,0.32638436482084693,4605.0
25,r2,r3,r4,r6,0.34391418563922943,0.33340630472854643,0.3226795096322242,4568.0
26,r0,r1,r5,r6,0.519280205655527,0.24657240788346188,0.23414738646101113,4668.0
27,r0,r2,r5,r6,0.44061551798872994,0.26766363242306024,0.2917208495882098,4614.0
28,r1,r2,r5,r6,0.4472719430666379,0.26223851628207895,0.2904895406512832,4637.0
29,r0,r3,r5,r6,0.340630472854641,0.3226795096322242,0.3366900175131349,4568.0
30,r1,r3,r5,r6,0.35070883315158125,0.32061068702290074,0.328680479825518,4585.0
31,r2,r3,r5,r6,0.35855697316322044,0.332160140783106,0.30928288605367354,4546.0
32,r0,r4,r5,r6,0.33464223385689357,0.325043630017452,0.3403141361256545,4584.0
33,r1,r4,r5,r6,0.34368215371254884,0.32175423360833694,0.3345636126791142,4606.0
34,r2,r4,r5,r6,0.34565740538175455,0.33143732224896083,0.3229052723692846,4571.0
35,r3,r4,r5,r6,0.33759757155247183,0.32111882046834345,0.3412836079791847,4612.0
36,r0,r1,r2,r7,0.41881062842682415,0.2922817376634331,0.2889076339097427,4742.0
37,r0,r1,r3,r7,0.49714285714285716,0.2518518518518518,0.251005291005291,4725.0
38,r0,r2,r3,r7,0.4299165418360796,0.2818317997004066,0.2882516584635138,4673.0
39,r1,r2,r3,r7,0.4300706789462412,0.28464339258941956,0.28528592846433926,4669.0
40,r0,r1,r4,r7,0.5037084127993219,0.24602670057215512,0.250264886628523,4719.0
41,r0,r2,r4,r7,0.4407068341494571,0.2782627208856717,0.2810304449648712,4697.0
42,r1,r2,r4,r7,0.44290583723902854,0.2746058798466127,0.28248828291435873,4694.0
43,r0,r3,r4,r7,0.34703098106712565,0.3261617900172117,0.32680722891566266,4648.0
44,r1,r3,r4,r7,0.3457241082939407,0.32874946282767514,0.3255264288783842,4654.0
45,r2,r3,r4,r7,0.35,0.33456521739130435,0.3154347826086957,4600.0
46,r0,r1,r5,r7,0.5192430363597703,0.24750159472677014,0.2332553689134595,4703.0
47,r0,r2,r5,r7,0.43445612529500105,0.27612100407637846,0.2894228706286205,4661.0
48,r1,r2,r5,r7,0.44415807560137455,0.26374570446735396,0.2920962199312715,4656.0
49,r0,r3,r5,r7,0.34821043553255715,0.32233721431651574,0.3294523501509271,4638.0
50,r1,r3,r5,r7,0.3491891891891892,0.3197837837837838,0.331027027027027,4625.0
51,r2,r3,r5,r7,0.3471434801569996,0.3379851722634104,0.31487134757959007,4586.0
52,r0,r4,r5,r7,0.3341957740405347,0.3294523501509271,0.33635187580853815,4638.0
53,r1,r4,r5,r7,0.3373024464169734,0.32799307209352674,0.3347044814894999,4619.0
54,r2,r4,r5,r7,0.33202614379084966,0.3468409586056645,0.32113289760348585,4590.0
55,r3,r4,r5,r7,0.3297250487118424,0.33340549902576316,0.33686945226239445,4619.0
56,r0,r1,r6,r7,0.5767105822354441,0.21908202294942627,0.20420739481512962,4706.0
57,r0,r2,r6,r7,0.5060936497754971,0.25336754329698524,0.24053880692751764,4677.0
58,r1,r2,r6,r7,0.5177000643638704,0.24029178287921046,0.24200815275691911,4661.0
59,r0,r3,r6,r7,0.42517301038062283,0.2884948096885813,0.28633217993079585,4624.0
60,r1,r3,r6,r7,0.4311946424713761,0.276949665154461,0.29185569237416287,4629.0
61,r2,r3,r6,r7,0.43773173391494,0.28549618320610687,0.2767720828789531,4585.0
62,r0,r4,r6,r7,0.41468168038111736,0.30554352533564316,0.2797747942832395,4618.0
63,r1,r4,r6,r7,0.4218142548596112,0.29524838012958965,0.28293736501079914,4630.0
64,r2,r4,r6,r7,0.42536988685813754,0.30004351610095736,0.27458659704090516,4596.0
65,r3,r4,r6,r7,0.41729566530084106,0.30062540435626484,0.2820789303428941,4637.0
66,r0,r5,r6,r7,0.4126571304724751,0.29908972691807545,0.2882531426094495,4614.0
67,r1,r5,r6,r7,0.4098573281452659,0.2948551664504972,0.2952875054042369,4626.0
68,r2,r5,r6,r7,0.424978317432784,0.2896790980052038,0.28534258456201217,4612.0
69,r3,r5,r6,r7,0.4129353233830846,0.2976422236642873,0.28942245295262814,4623.0
70,r4,r5,r6,r7,0.4140692640692641,0.27835497835497836,0.30757575757575756,4620.0
